41 0.605833 0.344714 0.0283333 0.0947137
6 0.945833 0.686123 0.0216667 0.0903084
6 0.9825 0.794053 0.0216667 0.0859031
28 0.739167 0.463656 0.0216667 0.0859031
32 0.62 0.578194 0.0233333 0.0859031
34 0.516667 0.462555 0.0566667 0.0881057
2 0.113333 0.187225 0.03 0.136564
11 0.9875 0.678414 0.015 0.092511
27 0.220833 0.812775 0.045 0.0704846
10 0.985 0.461454 0.02 0.0947137
11 0.795 0.796256 0.0266667 0.103524
8 0.86 0.688326 0.0433333 0.0991189
21 0.3575 0.20815 0.0616667 0.10793
14 0.3 0.698238 0.0266667 0.0748899
25 0.706667 0.21696 0.0266667 0.0991189
12 0.76 0.788546 0.02 0.0837004
18 0.391667 0.460352 0.0433333 0.092511
4 0.8125 0.571586 0.0216667 0.0814978
28 0.761667 0.580396 0.0266667 0.0859031
27 0.241667 0.811674 0.0433333 0.0682819
26 0.704167 0.218062 0.025 0.092511
30 0.13 0.703744 0.0266667 0.0770925
1 0.930833 0.209251 0.025 0.114537
27 0.0925 0.817181 0.025 0.0704846
31 0.499167 0.696035 0.025 0.092511
37 0.3 0.812775 0.05 0.0748899
6 0.8525 0.689427 0.0216667 0.092511
24 0.748333 0.464758 0.0433333 0.0792952
26 0.755 0.218062 0.06 0.092511
11 0.941667 0.343612 0.0466667 0.0881057
4 0.815 0.682819 0.02 0.0881057
22 0.370833 0.34141 0.0383333 0.0969163
18 0.503333 0.465859 0.0266667 0.0991189
18 0.253333 0.340308 0.03 0.10793
11 0.97 0.683921 0.0233333 0.0903084
37 0.5975 0.696035 0.0516667 0.0837004
16 0.241667 0.698238 0.0266667 0.0792952
18 0.531667 0.465859 0.0266667 0.0947137
18 0.559167 0.571586 0.0216667 0.0814978
40 0.669167 0.345815 0.0283333 0.092511
25 0.569167 0.214758 0.0216667 0.0903084
15 0.205833 0.580396 0.025 0.0814978
28 0.101667 0.34141 0.06 0.0969163
27 0.12 0.816079 0.0233333 0.0682819
18 0.225 0.337004 0.0233333 0.105727
17 0.210833 0.339207 0.0483333 0.101322
4 0.9025 0.213656 0.0216667 0.105727
4 0.841667 0.683921 0.0366667 0.0991189
28 0.0166667 0.581498 0.03 0.0704846
28 0.135833 0.339207 0.0583333 0.101322
15 0.3225 0.579295 0.025 0.0837004
37 0.624167 0.697137 0.045 0.0770925
1 0.985833 0.210352 0.0216667 0.11674
12 0.829167 0.462555 0.0183333 0.092511
37 0.3275 0.810573 0.0483333 0.0704846
22 0.449167 0.810573 0.0283333 0.0837004
32 0.1775 0.580396 0.0216667 0.0859031
18 0.355833 0.457048 0.0216667 0.0991189
17 0.324167 0.461454 0.0283333 0.0991189
14 0.355 0.697137 0.0233333 0.0814978
18 0.198333 0.339207 0.0266667 0.105727
12 0.889167 0.794053 0.0216667 0.0991189
11 0.8775 0.342511 0.015 0.0903084
4 0.8375 0.571586 0.0216667 0.0814978
17 0.2925 0.464758 0.025 0.0969163
34 0.59 0.468062 0.0266667 0.0903084
34 0.504167 0.465859 0.0216667 0.0991189
28 0.0608333 0.580396 0.025 0.0770925
27 0.146667 0.813877 0.0266667 0.0726872
32 0.715 0.468062 0.0266667 0.0859031
14 0.294167 0.579295 0.025 0.0792952
40 0.638333 0.344714 0.03 0.0947137
6 0.9325 0.790749 0.0216667 0.101322
33 0.0608333 0.580396 0.025 0.0770925
15 0.260833 0.578194 0.0216667 0.0726872
37 0.5425 0.343612 0.0283333 0.0969163
17 0.29 0.339207 0.0233333 0.101322
12 0.818333 0.795154 0.02 0.0969163
24 0.804167 0.463656 0.025 0.0859031
25 0.506667 0.214758 0.0266667 0.0947137
34 0.53 0.465859 0.0233333 0.0947137
24 0.7625 0.578194 0.025 0.0859031
32 0.621667 0.46696 0.0266667 0.0881057
18 0.293333 0.462555 0.03 0.101322
1 0.958333 0.20815 0.0266667 0.121145
4 0.829167 0.215859 0.0216667 0.101322
18 0.323333 0.459251 0.03 0.103524
32 0.6525 0.468062 0.025 0.0903084
16 0.215833 0.698238 0.025 0.0792952
15 0.3825 0.575991 0.025 0.0770925
20 0.0916667 0.814978 0.0233333 0.0748899
26 0.800833 0.215859 0.0283333 0.0969163
2 0.0866667 0.190529 0.0266667 0.138767
12 0.8675 0.795154 0.0216667 0.092511
15 0.235833 0.580396 0.025 0.0726872
18 0.263333 0.463656 0.03 0.103524
25 0.5425 0.213656 0.025 0.0969163
24 0.735 0.579295 0.0233333 0.0881057
18 0.233333 0.464758 0.03 0.101322
34 0.561667 0.464758 0.0233333 0.0969163
14 0.328333 0.697137 0.0233333 0.0859031
2 0.0566667 0.190529 0.0266667 0.138767
11 0.984167 0.339207 0.0216667 0.092511
31 0.588333 0.809471 0.0266667 0.0814978
15 0.293333 0.580396 0.0266667 0.0770925
32 0.119167 0.582599 0.025 0.0859031
24 0.530833 0.807269 0.025 0.0814978
4 0.805 0.683921 0.0233333 0.0903084
11 0.955833 0.344714 0.025 0.0903084
33 0.09 0.580396 0.0233333 0.0770925
13 0.44 0.696035 0.0233333 0.0837004
32 0.683333 0.469163 0.03 0.0881057
2 0.0216667 0.186123 0.0266667 0.147577
26 0.773333 0.219163 0.0266667 0.0991189
18 0.471667 0.462555 0.0266667 0.101322
18 0.413333 0.462555 0.0266667 0.101322
14 0.323333 0.579295 0.0233333 0.0792952
32 0.1475 0.581498 0.0283333 0.0837004
2 0.140833 0.185022 0.025 0.140969
12 0.791667 0.795154 0.0233333 0.0969163
33 0.696667 0.811674 0.0233333 0.0770925
26 0.7375 0.218062 0.0283333 0.092511
31 0.6425 0.812775 0.0216667 0.0748899
11 0.9275 0.343612 0.025 0.092511
27 0.176667 0.813877 0.0233333 0.0726872
15 0.351667 0.580396 0.0266667 0.0726872
28 0.0075 0.580396 0.015 0.0770925
31 0.618333 0.811674 0.0233333 0.0682819
15 0.440833 0.578194 0.0216667 0.0814978
27 0.258333 0.810573 0.0233333 0.0704846
11 0.8325 0.344714 0.0216667 0.0991189
15 0.470833 0.577093 0.025 0.0792952
24 0.504167 0.80837 0.025 0.0837004
18 0.500833 0.577093 0.025 0.0881057
31 0.555 0.693833 0.0233333 0.0881057
27 0.204167 0.810573 0.025 0.0748899
4 0.880833 0.213656 0.0216667 0.105727
28 0.0741667 0.468062 0.0316667 0.0903084
28 0.105833 0.46696 0.0283333 0.0969163
11 0.859167 0.34141 0.0216667 0.092511
18 0.53 0.577093 0.0266667 0.0881057
15 0.410833 0.580396 0.025 0.0770925
25 0.6725 0.21696 0.0283333 0.0947137
4 0.855833 0.212555 0.025 0.10793
18 0.4425 0.461454 0.025 0.0991189
37 0.288333 0.810573 0.0233333 0.0704846
31 0.524167 0.693833 0.025 0.0881057
33 0.1675 0.468062 0.0283333 0.0903084
31 0.668333 0.809471 0.0233333 0.0770925
28 0.151667 0.342511 0.03 0.103524
4 0.831667 0.681718 0.02 0.0814978
39 0.175833 0.209251 0.0283333 0.101322
24 0.56 0.80837 0.0266667 0.0792952
28 0.0283333 0.580396 0.0266667 0.0770925
18 0.205 0.463656 0.0266667 0.0991189
37 0.513333 0.346916 0.0266667 0.0947137
17 0.2525 0.339207 0.025 0.105727
37 0.3425 0.812775 0.025 0.0748899
37 0.314167 0.813877 0.025 0.0770925
28 0.0183333 0.465859 0.0266667 0.0859031
37 0.369167 0.810573 0.025 0.0792952
4 0.779167 0.687225 0.0216667 0.101322
39 0.304167 0.212555 0.0316667 0.0991189
11 0.8975 0.349119 0.025 0.0947137
37 0.610833 0.699339 0.025 0.0859031
21 0.373333 0.212555 0.0266667 0.10793
22 0.411667 0.34141 0.0266667 0.0969163
37 0.581667 0.696035 0.0233333 0.0837004
22 0.4425 0.342511 0.0283333 0.0991189
28 0.0458333 0.465859 0.0283333 0.0947137
33 0.1375 0.468062 0.025 0.0947137
28 0.12 0.34141 0.0266667 0.105727
39 0.34 0.211454 0.0333333 0.105727
28 0.0541667 0.343612 0.0283333 0.0969163
21 0.473333 0.213656 0.0266667 0.101322
21 0.440833 0.210352 0.0316667 0.10793
37 0.635833 0.696035 0.0216667 0.0837004
28 0.0233333 0.345815 0.0266667 0.0969163
25 0.64 0.215859 0.03 0.101322
39 0.208333 0.210352 0.03 0.0991189
39 0.243333 0.211454 0.0266667 0.101322
28 0.0891667 0.344714 0.0283333 0.0991189
21 0.406667 0.212555 0.03 0.103524
25 0.601667 0.218062 0.0266667 0.101322
