12 0.831667 0.777533 0.0233333 0.0792952
24 0.508333 0.79185 0.0333333 0.0770925
28 0.0866667 0.563877 0.0266667 0.0748899
8 0.840833 0.677313 0.025 0.0903084
10 0.915 0.455947 0.0233333 0.105727
31 0.510833 0.697137 0.0483333 0.0814978
31 0.586667 0.777533 0.0366667 0.0572687
34 0.5025 0.469163 0.0216667 0.0969163
11 0.828333 0.45815 0.0233333 0.0969163
33 0.585833 0.566079 0.0216667 0.0748899
17 0.2425 0.340308 0.055 0.0991189
32 0.6125 0.568282 0.0216667 0.0837004
33 0.713333 0.787445 0.0166667 0.0682819
34 0.5175 0.465859 0.055 0.0903084
14 0.369167 0.660793 0.0283333 0.101322
12 0.804167 0.780837 0.0183333 0.0859031
37 0.355 0.814978 0.05 0.0792952
18 0.266667 0.337004 0.0266667 0.105727
31 0.5675 0.690529 0.0483333 0.0770925
18 0.388333 0.45815 0.0266667 0.101322
25 0.591667 0.211454 0.06 0.0969163
4 0.8 0.669604 0.0366667 0.0792952
18 0.591667 0.46696 0.0266667 0.0969163
18 0.494167 0.463656 0.0383333 0.0947137
28 0.744167 0.465859 0.0283333 0.0903084
18 0.231667 0.340308 0.0333333 0.103524
28 0.183333 0.343612 0.0333333 0.092511
14 0.3225 0.579295 0.025 0.0837004
31 0.495833 0.692731 0.0216667 0.0903084
26 0.744167 0.221366 0.0516667 0.0991189
28 0.0133333 0.344714 0.0266667 0.0947137
26 0.728333 0.221366 0.0266667 0.0947137
40 0.631667 0.342511 0.0266667 0.0991189
12 0.87 0.457048 0.0233333 0.103524
37 0.526667 0.345815 0.0466667 0.092511
27 0.0925 0.818282 0.025 0.0726872
22 0.429167 0.802863 0.0416667 0.0814978
27 0.120833 0.813877 0.025 0.0682819
16 0.240833 0.701542 0.0283333 0.0770925
27 0.241667 0.812775 0.0433333 0.0704846
14 0.338333 0.6663 0.02 0.0638767
28 0.168333 0.34141 0.0166667 0.0969163
16 0.215 0.700441 0.0266667 0.0748899
4 0.98 0.6663 0.0233333 0.0814978
34 0.530833 0.468062 0.025 0.0947137
39 0.3775 0.210352 0.0283333 0.10793
21 0.449167 0.212555 0.0216667 0.103524
24 0.551667 0.78304 0.02 0.0682819
12 0.829167 0.459251 0.0216667 0.0991189
4 0.895 0.212555 0.0266667 0.103524
4 0.838333 0.680617 0.0233333 0.0881057
1 0.9825 0.209251 0.0216667 0.118943
24 0.734167 0.582599 0.025 0.0814978
14 0.305 0.687225 0.0233333 0.0792952
12 0.7825 0.781938 0.0183333 0.0881057
6 0.899167 0.784141 0.0183333 0.0837004
1 0.9275 0.207048 0.025 0.118943
24 0.529167 0.79185 0.0216667 0.0814978
11 0.903333 0.340308 0.03 0.0903084
18 0.3575 0.45815 0.025 0.101322
18 0.2425 0.460352 0.025 0.0969163
18 0.414167 0.459251 0.0216667 0.0991189
12 0.759167 0.784141 0.0183333 0.0837004
22 0.33 0.332599 0.0233333 0.0969163
17 0.295 0.460352 0.0266667 0.0969163
34 0.590833 0.463656 0.025 0.0991189
18 0.500833 0.579295 0.025 0.0837004
28 0.07 0.469163 0.04 0.0881057
15 0.440833 0.575991 0.0216667 0.0770925
27 0.1475 0.814978 0.0283333 0.0704846
17 0.296667 0.335903 0.0233333 0.0991189
33 0.1075 0.468062 0.0283333 0.0903084
15 0.47 0.579295 0.0233333 0.0792952
15 0.320833 0.580396 0.025 0.0770925
6 0.920833 0.78304 0.0183333 0.0814978
17 0.26 0.338106 0.0333333 0.0991189
26 0.790833 0.219163 0.0216667 0.0991189
4 0.785 0.6663 0.0266667 0.0814978
6 0.984167 0.778634 0.0216667 0.0814978
4 0.7625 0.6663 0.025 0.0726872
17 0.325 0.459251 0.0266667 0.0991189
1 0.956667 0.203744 0.0266667 0.125551
2 0.0558333 0.186123 0.0283333 0.147577
20 0.09 0.817181 0.0233333 0.0748899
18 0.295 0.462555 0.0266667 0.101322
4 0.87 0.214758 0.02 0.103524
14 0.296667 0.582599 0.0266667 0.0903084
15 0.385 0.580396 0.0266667 0.0903084
27 0.230833 0.817181 0.025 0.0660793
2 0.149167 0.186123 0.0283333 0.160793
28 0.106667 0.469163 0.0266667 0.092511
24 0.744167 0.46696 0.025 0.0837004
2 0.0241667 0.186123 0.025 0.160793
17 0.355833 0.459251 0.025 0.0991189
2 0.09 0.186123 0.0266667 0.147577
4 0.855833 0.213656 0.0216667 0.101322
22 0.359167 0.3337 0.0216667 0.0947137
18 0.2075 0.46696 0.0316667 0.101322
4 0.815833 0.214758 0.0216667 0.0991189
18 0.324167 0.460352 0.0283333 0.101322
26 0.759167 0.219163 0.025 0.0991189
32 0.643333 0.457048 0.0266667 0.0859031
15 0.413333 0.571586 0.0233333 0.0814978
15 0.296667 0.581498 0.0266667 0.0748899
34 0.5625 0.469163 0.0283333 0.0969163
22 0.464167 0.345815 0.025 0.092511
28 0.733333 0.581498 0.0233333 0.0837004
32 0.715 0.468062 0.03 0.0859031
25 0.508333 0.213656 0.0266667 0.105727
22 0.39 0.34141 0.0233333 0.092511
22 0.475 0.796256 0.0233333 0.0814978
2 0.120833 0.186123 0.0283333 0.169604
28 0.148333 0.338106 0.02 0.0903084
31 0.635833 0.787445 0.0216667 0.0682819
31 0.604167 0.774229 0.0216667 0.0594714
27 0.2075 0.801762 0.0216667 0.0704846
37 0.544167 0.343612 0.0283333 0.092511
27 0.2575 0.810573 0.025 0.0704846
4 0.8125 0.678414 0.0216667 0.0837004
25 0.574167 0.214758 0.0283333 0.103524
25 0.541667 0.21696 0.03 0.10793
28 0.761667 0.581498 0.0266667 0.0837004
31 0.665 0.798458 0.0233333 0.0770925
31 0.58 0.776432 0.0166667 0.0594714
18 0.471667 0.462555 0.0266667 0.101322
27 0.1775 0.813877 0.025 0.0726872
39 0.183333 0.212555 0.0233333 0.0991189
37 0.513333 0.344714 0.0266667 0.103524
4 0.835 0.215859 0.02 0.0969163
31 0.525 0.694934 0.0233333 0.0814978
21 0.375 0.214758 0.03 0.103524
11 0.893333 0.337004 0.02 0.101322
32 0.678333 0.462555 0.0266667 0.0881057
22 0.4325 0.344714 0.0283333 0.0947137
39 0.254167 0.213656 0.025 0.0969163
37 0.341667 0.812775 0.0233333 0.0792952
31 0.551667 0.690529 0.0233333 0.0859031
37 0.288333 0.809471 0.0233333 0.0726872
25 0.605833 0.218062 0.0283333 0.101322
18 0.4425 0.461454 0.025 0.0947137
28 0.0575 0.345815 0.0283333 0.092511
28 0.0183333 0.470264 0.0266667 0.0859031
33 0.1675 0.465859 0.0283333 0.0947137
37 0.314167 0.811674 0.025 0.0770925
39 0.2125 0.214758 0.0316667 0.0947137
11 0.833333 0.338106 0.0266667 0.103524
33 0.0883333 0.570485 0.0233333 0.0792952
28 0.0466667 0.468062 0.03 0.0947137
21 0.408333 0.215859 0.0266667 0.101322
37 0.605833 0.685022 0.0216667 0.0792952
39 0.339167 0.211454 0.0283333 0.110132
37 0.580833 0.683921 0.0216667 0.0770925
21 0.44 0.212555 0.03 0.103524
37 0.631667 0.681718 0.02 0.0814978
21 0.473333 0.214758 0.0266667 0.103524
33 0.1375 0.469163 0.025 0.092511
37 0.368333 0.80837 0.0266667 0.0792952
28 0.101667 0.348018 0.0266667 0.092511
11 0.868333 0.338106 0.0266667 0.103524
28 0.025 0.346916 0.03 0.0991189
11 0.945 0.342511 0.0266667 0.10793
39 0.310833 0.211454 0.0283333 0.110132
