11 0.7725 0.797357 0.0216667 0.092511
24 0.7875 0.463656 0.045 0.0859031
21 0.356667 0.20815 0.0633333 0.103524
22 0.476667 0.809471 0.0266667 0.0814978
14 0.3 0.697137 0.0266667 0.0770925
28 0.744167 0.46696 0.0283333 0.0881057
18 0.495833 0.462555 0.0383333 0.092511
27 0.0916667 0.817181 0.0233333 0.0704846
18 0.559167 0.459251 0.0283333 0.0947137
15 0.2075 0.575991 0.0216667 0.0814978
12 0.845833 0.790749 0.0316667 0.0969163
22 0.3725 0.342511 0.0383333 0.103524
31 0.5 0.697137 0.0266667 0.0947137
10 0.959167 0.567181 0.0316667 0.0859031
37 0.476667 0.810573 0.0266667 0.0792952
37 0.573333 0.344714 0.0266667 0.0947137
10 0.971667 0.567181 0.02 0.0903084
25 0.625833 0.214758 0.0516667 0.0991189
30 0.130833 0.702643 0.025 0.0748899
25 0.771667 0.21696 0.0266667 0.0991189
33 0.1025 0.469163 0.0416667 0.092511
25 0.558333 0.212555 0.0633333 0.0991189
19 0.285833 0.34141 0.025 0.105727
4 0.796667 0.682819 0.04 0.114537
28 0.015 0.703744 0.0266667 0.0814978
16 0.2425 0.698238 0.025 0.0792952
26 0.756667 0.21696 0.0566667 0.0947137
34 0.588333 0.459251 0.0233333 0.0903084
11 0.863333 0.795154 0.02 0.0969163
32 0.648333 0.577093 0.02 0.0881057
34 0.501667 0.462555 0.0266667 0.092511
37 0.596667 0.694934 0.05 0.0859031
12 0.795 0.795154 0.02 0.0969163
28 0.0108333 0.343612 0.0216667 0.0969163
31 0.5875 0.809471 0.0283333 0.0814978
28 0.7625 0.580396 0.025 0.0814978
12 0.7725 0.796256 0.0216667 0.0947137
4 0.841667 0.678414 0.0366667 0.110132
2 0.1125 0.181718 0.0316667 0.147577
12 0.828333 0.460352 0.02 0.101322
18 0.323333 0.460352 0.03 0.101322
12 0.911667 0.79185 0.0233333 0.0947137
18 0.3825 0.461454 0.0283333 0.0991189
12 0.865 0.794053 0.02 0.0947137
11 0.813333 0.340308 0.0166667 0.103524
14 0.355833 0.693833 0.0216667 0.0837004
14 0.293333 0.580396 0.0266667 0.0859031
15 0.3225 0.575991 0.0283333 0.0859031
32 0.62 0.578194 0.0233333 0.0859031
37 0.625 0.698238 0.0466667 0.0837004
11 0.989167 0.677313 0.015 0.0947137
18 0.2525 0.340308 0.0283333 0.112335
17 0.324167 0.461454 0.025 0.0991189
2 0.0833333 0.181718 0.0266667 0.138767
31 0.6175 0.809471 0.0216667 0.0726872
16 0.216667 0.699339 0.0233333 0.0770925
4 0.901667 0.213656 0.02 0.101322
40 0.669167 0.345815 0.0283333 0.092511
28 0.735 0.580396 0.0233333 0.0859031
26 0.708333 0.215859 0.0266667 0.105727
32 0.1575 0.572687 0.025 0.0837004
27 0.120833 0.812775 0.025 0.0704846
2 0.0266667 0.183921 0.0266667 0.156388
25 0.7075 0.215859 0.025 0.101322
15 0.381667 0.577093 0.0233333 0.0792952
32 0.715833 0.469163 0.025 0.0837004
24 0.7625 0.580396 0.025 0.0859031
11 0.9675 0.682819 0.025 0.092511
10 0.964167 0.460352 0.0216667 0.101322
24 0.5325 0.807269 0.025 0.0814978
22 0.45 0.811674 0.0266667 0.0814978
37 0.543333 0.344714 0.0266667 0.0947137
24 0.735 0.579295 0.0233333 0.0837004
28 0.0725 0.704846 0.0283333 0.0748899
15 0.2625 0.578194 0.0216667 0.0726872
31 0.555833 0.694934 0.025 0.0859031
13 0.44 0.697137 0.0233333 0.0859031
12 0.818333 0.796256 0.02 0.0991189
4 0.814167 0.682819 0.0216667 0.101322
18 0.234167 0.465859 0.0283333 0.0991189
32 0.120833 0.581498 0.0283333 0.0837004
15 0.3525 0.578194 0.025 0.0726872
17 0.2175 0.337004 0.035 0.110132
14 0.320833 0.577093 0.025 0.0792952
28 0.106667 0.465859 0.0266667 0.0947137
18 0.293333 0.463656 0.03 0.0991189
27 0.230833 0.813877 0.0216667 0.0726872
40 0.6375 0.344714 0.0283333 0.0947137
31 0.525833 0.694934 0.025 0.0903084
18 0.3525 0.462555 0.0283333 0.101322
27 0.146667 0.816079 0.0266667 0.0726872
34 0.530833 0.45815 0.025 0.092511
31 0.67 0.810573 0.0233333 0.0748899
15 0.236667 0.579295 0.0266667 0.0704846
1 0.978333 0.203744 0.03 0.121145
18 0.471667 0.460352 0.0266667 0.101322
14 0.328333 0.696035 0.0233333 0.0837004
31 0.6425 0.809471 0.025 0.0814978
18 0.193333 0.338106 0.0333333 0.10793
1 0.939167 0.203744 0.0283333 0.125551
33 0.120833 0.580396 0.0283333 0.0814978
34 0.56 0.461454 0.0233333 0.0947137
18 0.414167 0.462555 0.025 0.101322
25 0.576667 0.212555 0.03 0.103524
26 0.7375 0.215859 0.025 0.101322
28 0.0725 0.470264 0.035 0.0859031
27 0.2575 0.810573 0.025 0.0704846
15 0.293333 0.579295 0.0266667 0.0792952
26 0.8025 0.215859 0.025 0.101322
28 0.0441667 0.705947 0.025 0.0770925
18 0.2625 0.463656 0.0283333 0.103524
2 0.143333 0.181718 0.0233333 0.143172
32 0.6525 0.464758 0.0283333 0.0881057
27 0.2075 0.800661 0.0216667 0.0682819
33 0.09 0.580396 0.0266667 0.0770925
15 0.440833 0.575991 0.0216667 0.0814978
24 0.504167 0.807269 0.025 0.0814978
15 0.470833 0.575991 0.025 0.0814978
22 0.473333 0.342511 0.0266667 0.0947137
33 0.0591667 0.579295 0.025 0.0748899
20 0.0916667 0.816079 0.0233333 0.0726872
4 0.830833 0.213656 0.0216667 0.105727
4 0.880833 0.211454 0.0183333 0.105727
25 0.541667 0.213656 0.03 0.105727
18 0.501667 0.575991 0.0233333 0.0903084
33 0.725 0.812775 0.0233333 0.0748899
4 0.829167 0.680617 0.0183333 0.0969163
24 0.745833 0.464758 0.025 0.0837004
18 0.56 0.578194 0.0233333 0.0947137
33 0.7 0.812775 0.0233333 0.0792952
33 0.169167 0.465859 0.0283333 0.0947137
4 0.856667 0.20815 0.0233333 0.10793
15 0.410833 0.578194 0.025 0.0770925
25 0.5075 0.212555 0.025 0.0991189
18 0.53 0.57489 0.0266667 0.0881057
17 0.251667 0.338106 0.0266667 0.10793
17 0.191667 0.339207 0.0266667 0.110132
32 0.684167 0.46696 0.025 0.0881057
26 0.7725 0.218062 0.0283333 0.101322
11 0.925833 0.338106 0.025 0.103524
18 0.4425 0.461454 0.025 0.0947137
27 0.175 0.812775 0.0233333 0.0704846
37 0.513333 0.345815 0.0266667 0.092511
24 0.56 0.810573 0.0266667 0.0792952
11 0.835 0.339207 0.0266667 0.101322
18 0.221667 0.339207 0.0266667 0.118943
22 0.443333 0.34141 0.0266667 0.0969163
37 0.34 0.813877 0.0233333 0.0770925
25 0.605833 0.21696 0.0316667 0.103524
11 0.951667 0.337004 0.0233333 0.105727
37 0.636667 0.694934 0.02 0.0814978
28 0.0191667 0.472467 0.0283333 0.0903084
39 0.338333 0.211454 0.0333333 0.101322
39 0.305 0.210352 0.0266667 0.10793
4 0.780833 0.685022 0.025 0.114537
18 0.205 0.464758 0.0266667 0.0969163
37 0.611667 0.697137 0.0233333 0.0859031
37 0.314167 0.812775 0.025 0.0792952
39 0.1775 0.209251 0.0283333 0.101322
37 0.583333 0.696035 0.0233333 0.0837004
37 0.288333 0.811674 0.0233333 0.0726872
22 0.410833 0.342511 0.025 0.0991189
21 0.374167 0.213656 0.0283333 0.105727
11 0.978333 0.338106 0.0233333 0.10793
25 0.673333 0.215859 0.03 0.101322
28 0.0458333 0.468062 0.0283333 0.0947137
28 0.0591667 0.345815 0.0283333 0.092511
21 0.441667 0.210352 0.0333333 0.112335
33 0.138333 0.465859 0.0266667 0.0947137
39 0.208333 0.210352 0.03 0.0991189
21 0.475 0.212555 0.0266667 0.103524
39 0.2425 0.210352 0.0283333 0.0991189
11 0.8725 0.340308 0.025 0.0991189
28 0.0275 0.349119 0.0283333 0.0947137
21 0.408333 0.213656 0.03 0.105727
11 0.9025 0.339207 0.0216667 0.101322
25 0.640833 0.215859 0.0283333 0.105727
