2 0.146667 0.189427 0.0233333 0.127753
22 0.379167 0.340308 0.025 0.103524
1 0.985833 0.211454 0.0183333 0.101322
12 0.8975 0.784141 0.0183333 0.0881057
26 0.789167 0.218062 0.025 0.105727
39 0.293333 0.211454 0.0566667 0.105727
37 0.5775 0.669604 0.0183333 0.0660793
19 0.285 0.340308 0.0233333 0.103524
34 0.525833 0.459251 0.025 0.0859031
25 0.65 0.219163 0.0566667 0.0947137
11 0.9925 0.346916 0.015 0.0991189
12 0.869167 0.790749 0.0216667 0.092511
8 0.85 0.680617 0.0233333 0.105727
18 0.394167 0.461454 0.045 0.0947137
37 0.2575 0.814978 0.0216667 0.0748899
36 0.638333 0.568282 0.0266667 0.0792952
22 0.313333 0.337004 0.0266667 0.105727
33 0.1525 0.575991 0.025 0.0903084
39 0.255 0.214758 0.0466667 0.103524
13 0.464167 0.674009 0.0216667 0.0748899
40 0.605833 0.344714 0.0283333 0.0947137
18 0.225833 0.337004 0.0283333 0.105727
2 0.0941667 0.198238 0.025 0.127753
24 0.758333 0.457048 0.02 0.0903084
21 0.345833 0.212555 0.0316667 0.10793
16 0.2175 0.700441 0.025 0.0837004
34 0.5575 0.46696 0.0316667 0.092511
11 0.868333 0.790749 0.02 0.092511
36 0.67 0.571586 0.0266667 0.0814978
17 0.26 0.338106 0.0233333 0.103524
26 0.751667 0.220264 0.05 0.0969163
13 0.411667 0.696035 0.0233333 0.0792952
4 0.791667 0.219163 0.0233333 0.0991189
18 0.355 0.45815 0.0233333 0.101322
2 0.0533333 0.190529 0.03 0.134361
17 0.211667 0.340308 0.05 0.0991189
27 0.119167 0.813877 0.025 0.0682819
37 0.573333 0.342511 0.0266667 0.0947137
25 0.563333 0.220264 0.0233333 0.0881057
11 0.926667 0.669604 0.0166667 0.092511
11 0.984167 0.34141 0.0216667 0.092511
27 0.0908333 0.816079 0.025 0.0726872
18 0.1975 0.338106 0.025 0.103524
15 0.354167 0.570485 0.0283333 0.0837004
37 0.623333 0.694934 0.0433333 0.0770925
12 0.799167 0.459251 0.0216667 0.0991189
11 0.959167 0.334802 0.0216667 0.0837004
20 0.09 0.816079 0.0233333 0.0770925
18 0.3 0.460352 0.0266667 0.0969163
21 0.444167 0.220264 0.0216667 0.101322
34 0.589167 0.470264 0.025 0.0947137
11 0.910833 0.342511 0.0416667 0.0991189
33 0.120833 0.575991 0.0283333 0.0814978
26 0.708333 0.219163 0.0233333 0.0991189
5 0.895 0.45815 0.0233333 0.105727
4 0.851667 0.683921 0.0266667 0.112335
14 0.356667 0.569383 0.0266667 0.0770925
22 0.45 0.80837 0.0233333 0.0792952
12 0.8225 0.795154 0.0183333 0.0969163
27 0.145833 0.814978 0.0283333 0.0704846
43 0.0316667 0.693833 0.0233333 0.0792952
14 0.356667 0.683921 0.0233333 0.0859031
6 0.983333 0.797357 0.02 0.0969163
5 0.871667 0.457048 0.02 0.103524
31 0.515 0.701542 0.0433333 0.0859031
14 0.295833 0.579295 0.025 0.0837004
11 0.799167 0.45815 0.0216667 0.101322
13 0.438333 0.694934 0.0233333 0.0859031
39 0.325833 0.213656 0.0516667 0.101322
24 0.761667 0.577093 0.0266667 0.0881057
28 0.148333 0.338106 0.02 0.0903084
27 0.178333 0.814978 0.03 0.0660793
11 0.8225 0.796256 0.0183333 0.0947137
17 0.329167 0.45815 0.025 0.0969163
18 0.27 0.460352 0.0266667 0.0969163
24 0.529167 0.807269 0.0216667 0.0814978
15 0.420833 0.570485 0.0183333 0.0748899
14 0.3 0.693833 0.0266667 0.0881057
21 0.376667 0.213656 0.0233333 0.105727
15 0.205 0.578194 0.0233333 0.0770925
24 0.733333 0.575991 0.02 0.0859031
21 0.474167 0.218062 0.025 0.0881057
40 0.6375 0.345815 0.0283333 0.0969163
15 0.259167 0.578194 0.0216667 0.0770925
32 0.618333 0.463656 0.0266667 0.0903084
15 0.32 0.580396 0.0266667 0.0770925
37 0.5425 0.343612 0.0283333 0.092511
1 0.965833 0.20815 0.025 0.103524
32 0.645833 0.462555 0.025 0.0881057
15 0.4425 0.571586 0.025 0.0814978
28 0.760833 0.578194 0.025 0.0859031
28 0.164167 0.344714 0.0216667 0.0991189
24 0.738333 0.460352 0.03 0.0881057
2 0.0225 0.188326 0.0283333 0.147577
25 0.536667 0.220264 0.0233333 0.092511
25 0.634167 0.21696 0.0283333 0.0947137
1 0.935 0.210352 0.0233333 0.112335
28 0.733333 0.575991 0.02 0.0859031
4 0.981667 0.665198 0.02 0.0792952
28 0.0241667 0.582599 0.025 0.0770925
15 0.3975 0.580396 0.025 0.0770925
31 0.613333 0.811674 0.0266667 0.0770925
15 0.235833 0.579295 0.025 0.0748899
27 0.200833 0.816079 0.0216667 0.0682819
4 0.855 0.213656 0.0233333 0.105727
4 0.880833 0.214758 0.0216667 0.103524
25 0.508333 0.220264 0.0266667 0.0969163
32 0.154167 0.57489 0.0216667 0.0881057
33 0.6975 0.810573 0.0216667 0.0792952
25 0.669167 0.218062 0.0283333 0.105727
24 0.0258333 0.5837 0.025 0.0748899
24 0.503333 0.806167 0.0266667 0.0837004
26 0.769167 0.214758 0.0216667 0.10793
31 0.500833 0.698238 0.0216667 0.0837004
14 0.333333 0.687225 0.02 0.0792952
15 0.294167 0.581498 0.0283333 0.0748899
14 0.3225 0.581498 0.025 0.0837004
11 0.843333 0.340308 0.0266667 0.0991189
18 0.440833 0.460352 0.0283333 0.0969163
4 0.825833 0.215859 0.025 0.101322
27 0.2575 0.816079 0.0216667 0.0726872
31 0.584167 0.796256 0.0216667 0.0770925
18 0.204167 0.463656 0.0283333 0.0947137
18 0.234167 0.465859 0.0316667 0.0991189
4 0.976667 0.55837 0.0333333 0.0903084
39 0.34 0.212555 0.0266667 0.10793
33 0.0858333 0.568282 0.0283333 0.0704846
33 0.180833 0.462555 0.0216667 0.092511
31 0.526667 0.698238 0.0233333 0.0748899
18 0.4125 0.462555 0.025 0.101322
32 0.678333 0.462555 0.0233333 0.0881057
21 0.406667 0.214758 0.03 0.0991189
26 0.736667 0.21696 0.0266667 0.103524
32 0.121667 0.578194 0.0266667 0.0859031
31 0.668333 0.809471 0.0233333 0.0770925
15 0.469167 0.572687 0.025 0.0748899
18 0.471667 0.461454 0.0266667 0.0991189
31 0.6425 0.811674 0.0216667 0.0770925
4 0.8 0.683921 0.0266667 0.103524
39 0.311667 0.209251 0.0233333 0.105727
4 0.776667 0.686123 0.0233333 0.103524
11 0.816667 0.340308 0.0233333 0.103524
39 0.273333 0.215859 0.0233333 0.0969163
37 0.315833 0.801762 0.0183333 0.0704846
37 0.341667 0.813877 0.0233333 0.0726872
37 0.634167 0.689427 0.0216667 0.0748899
11 0.925833 0.343612 0.0216667 0.110132
22 0.408333 0.343612 0.0266667 0.101322
37 0.5125 0.344714 0.025 0.0947137
39 0.176667 0.211454 0.0266667 0.105727
28 0.0558333 0.344714 0.0283333 0.0947137
11 0.895833 0.343612 0.025 0.110132
28 0.0758333 0.470264 0.0283333 0.0903084
37 0.3675 0.812775 0.025 0.0792952
31 0.5525 0.694934 0.0216667 0.0859031
39 0.205833 0.214758 0.0283333 0.0991189
33 0.148333 0.463656 0.0266667 0.0903084
28 0.0183333 0.470264 0.0266667 0.0859031
37 0.608333 0.697137 0.0233333 0.0903084
39 0.240833 0.213656 0.025 0.101322
28 0.0441667 0.469163 0.0283333 0.092511
28 0.101667 0.344714 0.0266667 0.0991189
28 0.0233333 0.344714 0.03 0.0991189
