28 0.744167 0.465859 0.0283333 0.0947137
10 0.9725 0.570485 0.0216667 0.0881057
14 0.270833 0.698238 0.025 0.0748899
5 0.94 0.459251 0.02 0.0947137
21 0.355833 0.207048 0.065 0.101322
24 0.789167 0.465859 0.045 0.0814978
43 0.065 0.812775 0.0233333 0.0704846
18 0.245 0.463656 0.0566667 0.0947137
28 0.0566667 0.46696 0.06 0.0881057
31 0.4675 0.693833 0.025 0.092511
32 0.666667 0.465859 0.06 0.0903084
27 0.0916667 0.814978 0.0266667 0.0704846
14 0.299167 0.698238 0.025 0.0837004
24 0.748333 0.579295 0.05 0.0792952
10 0.895 0.461454 0.0233333 0.0947137
27 0.241667 0.811674 0.0466667 0.0682819
37 0.475 0.80837 0.0266667 0.0792952
2 0.1125 0.190529 0.0316667 0.147577
8 0.896667 0.688326 0.0233333 0.0947137
6 0.983333 0.796256 0.0233333 0.0903084
32 0.715 0.468062 0.0266667 0.0903084
25 0.771667 0.215859 0.0266667 0.101322
22 0.345833 0.339207 0.0283333 0.110132
30 0.13 0.701542 0.0266667 0.0770925
14 0.355 0.696035 0.0233333 0.0792952
12 0.828333 0.462555 0.02 0.092511
37 0.299167 0.810573 0.0516667 0.0748899
26 0.788333 0.21696 0.0566667 0.0947137
6 0.935833 0.796256 0.0216667 0.0947137
24 0.793333 0.572687 0.02 0.0792952
4 0.84 0.570485 0.02 0.0837004
18 0.220833 0.465859 0.0583333 0.0903084
10 0.96 0.569383 0.0333333 0.0814978
25 0.626667 0.214758 0.05 0.103524
32 0.62 0.578194 0.0233333 0.0859031
4 0.813333 0.683921 0.02 0.0859031
18 0.233333 0.463656 0.0266667 0.0991189
22 0.285 0.340308 0.0266667 0.10793
37 0.625833 0.698238 0.0483333 0.0881057
27 0.12 0.812775 0.0233333 0.0704846
37 0.5975 0.694934 0.0516667 0.0859031
11 0.7975 0.798458 0.025 0.0903084
37 0.573333 0.344714 0.0266667 0.0991189
28 0.7775 0.46696 0.025 0.0881057
18 0.323333 0.460352 0.03 0.101322
4 0.841667 0.686123 0.0366667 0.0903084
32 0.621667 0.46696 0.0266667 0.0969163
24 0.755833 0.698238 0.025 0.0837004
28 0.754167 0.697137 0.025 0.0859031
34 0.59 0.468062 0.0266667 0.0991189
28 0.733333 0.578194 0.0266667 0.0859031
34 0.501667 0.465859 0.0233333 0.0991189
22 0.3775 0.342511 0.0283333 0.10793
16 0.2425 0.697137 0.025 0.0770925
11 0.985833 0.677313 0.0183333 0.0947137
4 0.814167 0.571586 0.0183333 0.0814978
17 0.324167 0.462555 0.025 0.0969163
28 0.105833 0.465859 0.0283333 0.0947137
11 0.970833 0.682819 0.0216667 0.092511
28 0.7625 0.580396 0.0283333 0.0859031
32 0.179167 0.575991 0.025 0.0859031
32 0.653333 0.465859 0.0266667 0.0947137
27 0.146667 0.813877 0.0266667 0.0726872
40 0.669167 0.348018 0.025 0.092511
11 0.818333 0.799559 0.02 0.0881057
31 0.5875 0.80837 0.025 0.0837004
33 0.0875 0.578194 0.025 0.0859031
4 0.900833 0.214758 0.0216667 0.103524
31 0.5 0.696035 0.0233333 0.0969163
15 0.2625 0.577093 0.0216667 0.0748899
18 0.381667 0.461454 0.0266667 0.0991189
32 0.683333 0.46696 0.0266667 0.092511
22 0.449167 0.809471 0.025 0.0814978
40 0.638333 0.345815 0.03 0.092511
24 0.5325 0.807269 0.025 0.0814978
28 0.015 0.702643 0.0266667 0.0792952
15 0.236667 0.578194 0.0266667 0.0726872
26 0.708333 0.215859 0.0266667 0.105727
18 0.2625 0.463656 0.0283333 0.103524
2 0.0566667 0.19163 0.0266667 0.136564
18 0.2925 0.463656 0.0283333 0.0991189
15 0.321667 0.577093 0.0266667 0.0792952
34 0.530833 0.46696 0.0283333 0.101322
32 0.119167 0.580396 0.025 0.0859031
12 0.8175 0.799559 0.0183333 0.0881057
14 0.321667 0.575991 0.0233333 0.0814978
28 0.0716667 0.700441 0.0266667 0.0792952
18 0.471667 0.461454 0.0266667 0.0991189
24 0.00916667 0.580396 0.015 0.0814978
18 0.3525 0.462555 0.025 0.101322
16 0.215833 0.698238 0.025 0.0792952
32 0.146667 0.579295 0.0266667 0.0837004
2 0.0233333 0.186123 0.03 0.151982
33 0.1075 0.468062 0.0316667 0.0947137
25 0.7075 0.214758 0.025 0.103524
34 0.5625 0.470264 0.025 0.0947137
12 0.864167 0.797357 0.0216667 0.0881057
37 0.543333 0.343612 0.0266667 0.092511
10 0.964167 0.463656 0.0216667 0.0947137
4 0.804167 0.682819 0.0216667 0.0881057
2 0.085 0.192731 0.0233333 0.147577
2 0.141667 0.187225 0.0233333 0.140969
17 0.2525 0.338106 0.025 0.10793
31 0.6175 0.80837 0.0216667 0.0748899
14 0.328333 0.696035 0.0233333 0.0837004
1 0.9375 0.209251 0.0283333 0.114537
26 0.801667 0.215859 0.0266667 0.101322
4 0.831667 0.214758 0.0233333 0.0947137
18 0.413333 0.462555 0.0266667 0.101322
15 0.380833 0.577093 0.025 0.0792952
26 0.740833 0.21696 0.035 0.0947137
24 0.733333 0.578194 0.0233333 0.0859031
13 0.44 0.696035 0.0233333 0.0881057
31 0.554167 0.693833 0.025 0.0881057
24 0.763333 0.579295 0.0266667 0.0881057
24 0.745833 0.465859 0.025 0.0814978
17 0.218333 0.337004 0.03 0.110132
15 0.44 0.573789 0.0233333 0.0859031
27 0.2575 0.810573 0.025 0.0704846
20 0.0916667 0.814978 0.0233333 0.0704846
25 0.574167 0.213656 0.0316667 0.105727
26 0.771667 0.215859 0.03 0.105727
28 0.045 0.703744 0.0266667 0.0770925
27 0.2025 0.809471 0.025 0.0726872
18 0.220833 0.339207 0.025 0.114537
24 0.504167 0.806167 0.025 0.0792952
18 0.441667 0.461454 0.0266667 0.0947137
4 0.829167 0.685022 0.0216667 0.0837004
31 0.669167 0.809471 0.025 0.0770925
31 0.6425 0.80837 0.025 0.0837004
17 0.191667 0.339207 0.0266667 0.110132
18 0.560833 0.579295 0.025 0.0837004
15 0.293333 0.578194 0.0266667 0.0814978
33 0.168333 0.465859 0.0266667 0.0947137
33 0.0583333 0.579295 0.0233333 0.0792952
1 0.981667 0.209251 0.0233333 0.110132
15 0.3525 0.579295 0.025 0.0748899
33 0.725833 0.812775 0.0216667 0.0792952
4 0.783333 0.688326 0.02 0.0859031
18 0.500833 0.57489 0.025 0.0881057
22 0.4725 0.344714 0.025 0.0947137
25 0.540833 0.212555 0.0283333 0.103524
15 0.410833 0.577093 0.025 0.0792952
31 0.523333 0.692731 0.0266667 0.0903084
28 0.0775 0.46696 0.025 0.092511
37 0.5125 0.346916 0.0283333 0.0947137
4 0.880833 0.214758 0.0183333 0.103524
18 0.529167 0.57489 0.025 0.0881057
33 0.699167 0.811674 0.025 0.0814978
4 0.856667 0.214758 0.0233333 0.0991189
27 0.175 0.813877 0.0233333 0.0726872
15 0.470833 0.575991 0.025 0.0814978
24 0.56 0.80837 0.0266667 0.0792952
18 0.203333 0.465859 0.0266667 0.0947137
25 0.508333 0.212555 0.0266667 0.103524
11 0.926667 0.340308 0.0233333 0.0991189
22 0.441667 0.34141 0.0266667 0.101322
28 0.0183333 0.468062 0.0266667 0.0814978
39 0.305833 0.212555 0.0283333 0.0991189
39 0.176667 0.211454 0.03 0.101322
11 0.835 0.34141 0.0266667 0.0969163
21 0.475833 0.210352 0.025 0.10793
11 0.951667 0.340308 0.0233333 0.0991189
39 0.336667 0.210352 0.03 0.103524
22 0.41 0.34141 0.0266667 0.101322
37 0.2875 0.809471 0.025 0.0726872
37 0.340833 0.812775 0.025 0.0748899
37 0.581667 0.696035 0.0233333 0.0881057
37 0.368333 0.809471 0.0266667 0.0814978
21 0.374167 0.211454 0.0283333 0.105727
37 0.314167 0.811674 0.025 0.0726872
28 0.045 0.46696 0.0266667 0.092511
25 0.608333 0.215859 0.03 0.110132
37 0.611667 0.696035 0.0266667 0.0881057
11 0.979167 0.34141 0.025 0.101322
39 0.241667 0.209251 0.0266667 0.101322
21 0.44 0.209251 0.03 0.110132
33 0.138333 0.465859 0.0266667 0.0947137
11 0.870833 0.34141 0.025 0.092511
39 0.2075 0.211454 0.0283333 0.101322
25 0.6725 0.214758 0.0316667 0.103524
37 0.636667 0.692731 0.02 0.0859031
28 0.0591667 0.343612 0.0283333 0.092511
21 0.4075 0.212555 0.0283333 0.10793
28 0.0258333 0.346916 0.0283333 0.0947137
11 0.900833 0.342511 0.0216667 0.0991189
25 0.641667 0.215859 0.03 0.110132
