37 0.605833 0.653084 0.035 0.0550661
43 0.0191667 0.707048 0.025 0.0792952
37 0.355 0.819383 0.0466667 0.0748899
6 0.838333 0.780837 0.0133333 0.0770925
10 0.913333 0.461454 0.0233333 0.0903084
24 0.781667 0.468062 0.0366667 0.0859031
32 0.135833 0.571586 0.0283333 0.0859031
22 0.395 0.331498 0.0266667 0.0903084
32 0.6325 0.462555 0.055 0.0837004
18 0.6025 0.571586 0.055 0.0814978
24 0.6975 0.805066 0.025 0.0859031
15 0.3325 0.568282 0.025 0.0748899
28 0.07 0.702643 0.0266667 0.0792952
18 0.525833 0.45815 0.025 0.0969163
34 0.516667 0.459251 0.0566667 0.0947137
37 0.5425 0.343612 0.025 0.092511
6 0.99 0.787445 0.0166667 0.0859031
2 0.0508333 0.196035 0.0183333 0.136564
39 0.326667 0.21696 0.05 0.0903084
4 0.85 0.692731 0.0266667 0.0947137
31 0.475 0.796256 0.0233333 0.0814978
13 0.441667 0.672907 0.0233333 0.0814978
11 0.856667 0.344714 0.0433333 0.0859031
32 0.7025 0.463656 0.025 0.0903084
33 0.1275 0.463656 0.0616667 0.0903084
32 0.6925 0.568282 0.025 0.0792952
18 0.495 0.457048 0.0333333 0.0947137
18 0.565 0.567181 0.0466667 0.0814978
14 0.27 0.699339 0.0233333 0.0770925
1 0.9675 0.220264 0.025 0.0837004
14 0.300833 0.698238 0.025 0.0792952
40 0.596667 0.34141 0.0266667 0.092511
24 0.106667 0.46696 0.0266667 0.092511
18 0.193333 0.344714 0.0266667 0.0991189
25 0.59 0.213656 0.06 0.0969163
37 0.328333 0.810573 0.0466667 0.0704846
14 0.3575 0.570485 0.025 0.0748899
32 0.6175 0.462555 0.025 0.0881057
16 0.215 0.703744 0.0233333 0.0770925
31 0.625833 0.777533 0.0283333 0.061674
14 0.36 0.685022 0.0233333 0.0837004
2 0.0241667 0.196035 0.0283333 0.136564
31 0.511667 0.664097 0.0466667 0.0682819
37 0.293333 0.800661 0.02 0.0682819
6 0.9475 0.784141 0.0283333 0.0837004
27 0.0941667 0.819383 0.025 0.0660793
15 0.3575 0.570485 0.025 0.0792952
32 0.171667 0.561674 0.0233333 0.0748899
33 0.08 0.570485 0.0233333 0.0748899
18 0.56 0.463656 0.0266667 0.0947137
32 0.645833 0.462555 0.025 0.0881057
11 0.971667 0.338106 0.0366667 0.0903084
28 0.0458333 0.703744 0.025 0.0770925
34 0.59 0.463656 0.0233333 0.0947137
34 0.526667 0.459251 0.0266667 0.0947137
14 0.304167 0.573789 0.025 0.0814978
13 0.389167 0.680617 0.025 0.0792952
31 0.466667 0.670705 0.0233333 0.0770925
37 0.615833 0.656388 0.0216667 0.0528634
26 0.760833 0.219163 0.025 0.103524
31 0.569167 0.653084 0.0216667 0.0594714
6 0.8975 0.787445 0.0183333 0.0682819
26 0.79 0.221366 0.0233333 0.103524
27 0.120833 0.814978 0.025 0.0660793
14 0.330833 0.567181 0.025 0.0726872
20 0.0883333 0.817181 0.0233333 0.0704846
6 0.850833 0.69163 0.0216667 0.092511
6 0.861667 0.797357 0.02 0.0837004
40 0.638333 0.346916 0.03 0.0947137
4 0.949167 0.653084 0.0183333 0.0462555
6 0.900833 0.689427 0.0216667 0.0881057
15 0.385833 0.573789 0.0216667 0.0770925
21 0.4725 0.21696 0.025 0.0947137
17 0.195833 0.339207 0.025 0.0969163
43 0.025 0.806167 0.0233333 0.0704846
24 0.524167 0.774229 0.0183333 0.0550661
24 0.5 0.781938 0.02 0.0704846
15 0.303333 0.570485 0.03 0.0837004
14 0.335 0.687225 0.0233333 0.0792952
28 0.0075 0.561674 0.015 0.0792952
37 0.586667 0.651982 0.0266667 0.0528634
13 0.413333 0.681718 0.0233333 0.0814978
33 0.105 0.570485 0.0233333 0.0792952
11 0.814167 0.34141 0.0216667 0.0881057
22 0.45 0.812775 0.0266667 0.0881057
18 0.3875 0.461454 0.0383333 0.103524
4 0.881667 0.218062 0.0233333 0.101322
33 0.17 0.563877 0.0233333 0.0748899
18 0.233333 0.465859 0.0266667 0.0991189
25 0.535833 0.219163 0.025 0.0991189
27 0.145 0.816079 0.0233333 0.0726872
31 0.5225 0.668502 0.0216667 0.0726872
33 0.179167 0.464758 0.0216667 0.0881057
39 0.3375 0.344714 0.0283333 0.0991189
6 0.918333 0.786344 0.02 0.0792952
4 0.7725 0.672907 0.025 0.0859031
31 0.4975 0.667401 0.0216667 0.0748899
15 0.413333 0.571586 0.0233333 0.0770925
18 0.470833 0.45815 0.025 0.0969163
25 0.505 0.220264 0.0266667 0.101322
1 0.938333 0.218062 0.0233333 0.101322
25 0.671667 0.21696 0.0233333 0.103524
4 0.813333 0.679515 0.0233333 0.0814978
27 0.230833 0.819383 0.025 0.0660793
4 0.743333 0.664097 0.02 0.0638767
39 0.345833 0.218062 0.025 0.0969163
15 0.443333 0.568282 0.0266667 0.0881057
6 0.965833 0.779736 0.0183333 0.0748899
24 0.741667 0.468062 0.0266667 0.0770925
18 0.614167 0.573789 0.025 0.0859031
31 0.579167 0.776432 0.0183333 0.0594714
27 0.264167 0.837004 0.025 0.0792952
27 0.173333 0.817181 0.0233333 0.0704846
31 0.663333 0.792952 0.0233333 0.0837004
4 0.815 0.221366 0.0233333 0.0991189
4 0.86 0.218062 0.0233333 0.0969163
31 0.545833 0.665198 0.0216667 0.061674
25 0.569167 0.218062 0.0283333 0.0969163
34 0.559167 0.464758 0.0283333 0.0969163
22 0.473333 0.342511 0.0266667 0.0947137
18 0.551667 0.562775 0.0233333 0.0814978
18 0.2625 0.464758 0.0283333 0.105727
18 0.578333 0.567181 0.0266667 0.0814978
21 0.370833 0.214758 0.0316667 0.0991189
33 0.725833 0.812775 0.0216667 0.0792952
31 0.603333 0.77533 0.02 0.061674
11 0.955 0.342511 0.0266667 0.0947137
32 0.675 0.463656 0.0266667 0.0859031
15 0.470833 0.572687 0.025 0.0748899
11 0.92 0.343612 0.0266667 0.0969163
33 0.135 0.570485 0.0266667 0.0881057
37 0.5125 0.344714 0.0283333 0.0947137
31 0.635 0.78304 0.0233333 0.0682819
22 0.443333 0.340308 0.0233333 0.0947137
24 0.7475 0.566079 0.0216667 0.0748899
33 0.699167 0.809471 0.025 0.0770925
11 0.840833 0.344714 0.025 0.0947137
11 0.981667 0.339207 0.0233333 0.101322
37 0.341667 0.814978 0.0233333 0.0704846
39 0.3075 0.212555 0.025 0.103524
28 0.0283333 0.567181 0.0266667 0.0814978
11 0.8975 0.342511 0.0183333 0.0859031
27 0.2 0.834802 0.0233333 0.0704846
18 0.4425 0.45815 0.025 0.0969163
28 0.0575 0.345815 0.0283333 0.0969163
18 0.415 0.461454 0.0266667 0.103524
18 0.204167 0.46696 0.0283333 0.101322
33 0.1075 0.46696 0.0283333 0.0837004
33 0.150833 0.465859 0.025 0.0859031
4 0.833333 0.220264 0.02 0.0969163
28 0.0583333 0.46696 0.0266667 0.0837004
11 0.869167 0.344714 0.025 0.0947137
39 0.209167 0.214758 0.0283333 0.0947137
28 0.133333 0.351322 0.0233333 0.0903084
28 0.0216667 0.471366 0.03 0.0837004
37 0.368333 0.814978 0.0233333 0.0748899
37 0.315833 0.802863 0.0216667 0.0682819
28 0.0891667 0.344714 0.0316667 0.0947137
39 0.241667 0.215859 0.0233333 0.0969163
39 0.1775 0.210352 0.0283333 0.103524
21 0.439167 0.214758 0.0283333 0.103524
28 0.025 0.349119 0.03 0.0947137
21 0.406667 0.214758 0.03 0.103524
25 0.639167 0.218062 0.0316667 0.105727
25 0.606667 0.219163 0.03 0.103524
