24 0.786667 0.462555 0.0433333 0.0837004
37 0.5275 0.344714 0.0516667 0.0947137
16 0.240833 0.699339 0.025 0.0770925
11 0.913333 0.340308 0.0433333 0.0991189
4 0.855 0.211454 0.0466667 0.105727
18 0.26 0.339207 0.03 0.105727
21 0.36 0.20815 0.0666667 0.103524
18 0.228333 0.339207 0.0266667 0.101322
25 0.591667 0.211454 0.06 0.092511
13 0.390833 0.669604 0.025 0.0792952
24 0.725 0.572687 0.0233333 0.0837004
6 0.93 0.786344 0.04 0.0881057
12 0.828333 0.459251 0.0233333 0.0947137
32 0.590833 0.465859 0.0283333 0.0947137
27 0.216667 0.809471 0.0333333 0.0638767
8 0.873333 0.671806 0.0333333 0.0969163
11 0.985 0.564978 0.02 0.0903084
1 0.946667 0.20815 0.0466667 0.121145
22 0.395833 0.812775 0.025 0.0792952
34 0.531667 0.460352 0.0233333 0.092511
33 0.0141667 0.700441 0.025 0.0792952
19 0.321667 0.337004 0.0233333 0.101322
28 0.729167 0.57489 0.0316667 0.0792952
31 0.565833 0.692731 0.045 0.0859031
31 0.468333 0.670705 0.0233333 0.0726872
17 0.2225 0.339207 0.0316667 0.0969163
33 0.0733333 0.572687 0.0233333 0.0837004
28 0.7625 0.579295 0.0216667 0.0837004
18 0.495833 0.461454 0.0383333 0.0947137
43 0.0166667 0.703744 0.0233333 0.0770925
37 0.596667 0.696035 0.0466667 0.0837004
18 0.56 0.46696 0.0266667 0.0969163
32 0.619167 0.575991 0.0216667 0.0859031
14 0.305833 0.685022 0.0216667 0.0792952
17 0.239167 0.338106 0.0516667 0.0991189
18 0.531667 0.460352 0.0233333 0.0969163
28 0.744167 0.46696 0.0283333 0.0881057
25 0.525833 0.213656 0.055 0.101322
1 0.9325 0.204846 0.025 0.118943
37 0.394167 0.813877 0.025 0.0814978
14 0.293333 0.580396 0.0266667 0.0859031
37 0.620833 0.689427 0.0416667 0.0748899
39 0.295 0.210352 0.0566667 0.103524
13 0.441667 0.67511 0.0266667 0.0770925
33 0.719167 0.799559 0.0183333 0.0660793
18 0.413333 0.457048 0.0233333 0.0991189
18 0.2675 0.460352 0.0283333 0.0969163
33 0.7675 0.800661 0.0216667 0.0903084
12 0.869167 0.455947 0.0216667 0.101322
28 0.103333 0.342511 0.0566667 0.0947137
4 0.980833 0.667401 0.025 0.0837004
26 0.6975 0.215859 0.025 0.0969163
24 0.579167 0.774229 0.0216667 0.0550661
22 0.449167 0.810573 0.025 0.0837004
26 0.728333 0.215859 0.0266667 0.101322
34 0.561667 0.46696 0.0266667 0.0969163
15 0.440833 0.573789 0.025 0.0859031
2 0.085 0.183921 0.03 0.147577
14 0.3375 0.664097 0.0216667 0.0638767
25 0.691667 0.213656 0.0366667 0.101322
40 0.631667 0.344714 0.0266667 0.0947137
37 0.284167 0.811674 0.025 0.0726872
1 0.966667 0.204846 0.0466667 0.118943
27 0.095 0.817181 0.0233333 0.0704846
18 0.3575 0.45815 0.025 0.101322
1 0.985 0.207048 0.0233333 0.123348
20 0.0808333 0.810573 0.0283333 0.0748899
17 0.295 0.461454 0.0233333 0.0991189
32 0.715833 0.469163 0.025 0.0837004
33 0.171667 0.562775 0.0266667 0.0770925
2 0.025 0.185022 0.03 0.162996
2 0.115 0.188326 0.0266667 0.143172
18 0.500833 0.57489 0.0216667 0.0837004
27 0.120833 0.812775 0.025 0.0704846
14 0.365 0.668502 0.02 0.0770925
17 0.325 0.460352 0.0266667 0.0969163
16 0.215833 0.699339 0.0216667 0.0770925
17 0.355833 0.457048 0.025 0.0991189
18 0.295 0.461454 0.0266667 0.0991189
28 0.0141667 0.700441 0.025 0.0792952
28 0.0725 0.701542 0.0283333 0.0770925
32 0.1725 0.561674 0.025 0.0748899
26 0.788333 0.218062 0.0266667 0.092511
24 0.02 0.55837 0.0233333 0.0726872
31 0.58 0.772026 0.0166667 0.0550661
6 0.918333 0.78304 0.02 0.0859031
11 0.95 0.344714 0.02 0.0947137
31 0.6025 0.773128 0.0183333 0.0572687
15 0.386667 0.572687 0.0233333 0.0792952
24 0.764167 0.577093 0.0216667 0.0792952
28 0.0716667 0.468062 0.0366667 0.0859031
18 0.234167 0.463656 0.0316667 0.0991189
32 0.133333 0.569383 0.0266667 0.0859031
17 0.293333 0.334802 0.0233333 0.0969163
31 0.498333 0.69163 0.0233333 0.0881057
32 0.6225 0.465859 0.025 0.0903084
27 0.146667 0.813877 0.0266667 0.0726872
25 0.641667 0.215859 0.0266667 0.0881057
15 0.470833 0.575991 0.025 0.0814978
32 0.654167 0.465859 0.0283333 0.0903084
37 0.544167 0.342511 0.0283333 0.0947137
15 0.295 0.579295 0.0266667 0.0748899
22 0.3525 0.337004 0.025 0.0969163
18 0.325 0.45815 0.03 0.101322
32 0.685 0.46696 0.0266667 0.092511
15 0.410833 0.579295 0.025 0.0837004
24 0.744167 0.465859 0.025 0.0770925
11 0.925833 0.339207 0.025 0.0969163
24 0.503333 0.805066 0.0233333 0.0859031
28 0.105833 0.46696 0.0283333 0.092511
6 0.939167 0.78304 0.0183333 0.0814978
4 0.898333 0.212555 0.0266667 0.10793
33 0.1 0.572687 0.0266667 0.0792952
15 0.320833 0.579295 0.025 0.0792952
27 0.23 0.813877 0.0233333 0.0726872
25 0.570833 0.215859 0.025 0.101322
22 0.39 0.339207 0.0233333 0.092511
26 0.759167 0.219163 0.025 0.0947137
25 0.5075 0.212555 0.025 0.103524
24 0.529167 0.79185 0.0216667 0.0726872
27 0.256667 0.810573 0.0233333 0.0704846
28 0.0216667 0.560573 0.0266667 0.0682819
4 0.785833 0.665198 0.0216667 0.0881057
4 0.869167 0.212555 0.025 0.10793
6 0.974167 0.792952 0.025 0.101322
33 0.6975 0.811674 0.0216667 0.0726872
28 0.190833 0.342511 0.0316667 0.0991189
22 0.465833 0.344714 0.025 0.0947137
18 0.203333 0.463656 0.0266667 0.0947137
4 0.8375 0.670705 0.0216667 0.0947137
18 0.526667 0.570485 0.02 0.0792952
25 0.541667 0.214758 0.0266667 0.103524
27 0.2075 0.800661 0.0216667 0.0682819
4 0.8125 0.668502 0.0216667 0.0903084
18 0.471667 0.460352 0.0266667 0.101322
4 0.815 0.213656 0.02 0.101322
17 0.2575 0.335903 0.025 0.0991189
24 0.554167 0.797357 0.0216667 0.0704846
4 0.839167 0.214758 0.0283333 0.10793
33 0.166667 0.46696 0.0266667 0.0881057
37 0.511667 0.344714 0.0266667 0.0947137
27 0.1775 0.811674 0.025 0.0726872
22 0.4325 0.344714 0.0283333 0.0947137
11 0.833333 0.339207 0.0266667 0.101322
39 0.1775 0.211454 0.0283333 0.101322
39 0.339167 0.211454 0.0283333 0.110132
31 0.551667 0.688326 0.0266667 0.0859031
28 0.151667 0.34141 0.03 0.101322
18 0.4425 0.459251 0.025 0.0947137
37 0.635833 0.692731 0.0216667 0.0814978
11 0.895833 0.340308 0.025 0.103524
33 0.134167 0.570485 0.025 0.0792952
37 0.610833 0.696035 0.0216667 0.0881057
21 0.375 0.213656 0.03 0.105727
37 0.583333 0.698238 0.0233333 0.092511
28 0.0558333 0.342511 0.0283333 0.0947137
31 0.524167 0.69163 0.0216667 0.0792952
28 0.0191667 0.471366 0.0283333 0.0881057
28 0.0458333 0.46696 0.0283333 0.092511
28 0.118333 0.34141 0.0266667 0.101322
21 0.440833 0.211454 0.0316667 0.105727
33 0.136667 0.468062 0.0266667 0.0903084
39 0.311667 0.210352 0.0266667 0.10793
39 0.21 0.209251 0.03 0.101322
25 0.609167 0.21696 0.0283333 0.0991189
11 0.869167 0.339207 0.025 0.101322
28 0.0883333 0.345815 0.0266667 0.0969163
21 0.473333 0.212555 0.0266667 0.103524
21 0.409167 0.214758 0.0283333 0.103524
28 0.0233333 0.345815 0.03 0.0969163
39 0.243333 0.210352 0.0266667 0.103524
39 0.279167 0.212555 0.0283333 0.103524
