26 0.714167 0.219163 0.0516667 0.0947137
25 0.5925 0.211454 0.0583333 0.092511
32 0.6475 0.577093 0.0216667 0.0881057
34 0.5025 0.46696 0.0216667 0.0969163
21 0.360833 0.207048 0.065 0.105727
22 0.395833 0.811674 0.025 0.0814978
34 0.515833 0.462555 0.055 0.092511
11 0.913333 0.340308 0.0433333 0.0991189
18 0.495833 0.463656 0.0383333 0.0947137
33 0.0141667 0.700441 0.025 0.0792952
31 0.568333 0.69163 0.0466667 0.0837004
33 0.1625 0.570485 0.0283333 0.0792952
5 0.91 0.454846 0.0333333 0.0991189
10 0.959167 0.564978 0.0316667 0.0903084
34 0.530833 0.468062 0.025 0.0947137
31 0.623333 0.776432 0.0266667 0.0594714
8 0.871667 0.671806 0.0333333 0.092511
20 0.145833 0.813877 0.025 0.0726872
43 0.0166667 0.704846 0.0233333 0.0748899
31 0.468333 0.669604 0.0233333 0.0748899
28 0.744167 0.46696 0.0283333 0.092511
33 0.0991667 0.469163 0.045 0.0881057
25 0.729167 0.218062 0.025 0.0969163
12 0.874167 0.780837 0.0183333 0.0859031
4 0.970833 0.669604 0.0183333 0.0792952
37 0.594167 0.693833 0.045 0.0792952
14 0.296667 0.580396 0.0266667 0.0991189
13 0.440833 0.672907 0.025 0.0770925
12 0.829167 0.45815 0.0216667 0.0969163
24 0.764167 0.579295 0.0216667 0.0837004
12 0.805 0.784141 0.0166667 0.0792952
28 0.0558333 0.346916 0.0483333 0.0814978
28 0.0291667 0.567181 0.025 0.0814978
4 0.800833 0.665198 0.045 0.0837004
14 0.305833 0.685022 0.0216667 0.0792952
34 0.591667 0.465859 0.0266667 0.0947137
37 0.394167 0.813877 0.025 0.0859031
43 0.0141667 0.811674 0.025 0.0682819
1 0.945833 0.205947 0.045 0.11674
25 0.525833 0.212555 0.055 0.0991189
39 0.295833 0.210352 0.0583333 0.103524
17 0.23 0.338106 0.0533333 0.103524
32 0.619167 0.57489 0.0216667 0.0837004
27 0.2425 0.813877 0.045 0.0682819
22 0.355833 0.338106 0.0383333 0.103524
37 0.620833 0.689427 0.045 0.0748899
17 0.293333 0.3337 0.0233333 0.103524
4 0.839167 0.213656 0.025 0.101322
16 0.215833 0.697137 0.0216667 0.0770925
28 0.0141667 0.700441 0.025 0.0792952
18 0.215833 0.340308 0.025 0.112335
2 0.0858333 0.182819 0.0283333 0.140969
11 0.874167 0.780837 0.0183333 0.0903084
12 0.869167 0.454846 0.0216667 0.103524
4 0.823333 0.672907 0.0433333 0.0903084
17 0.355833 0.457048 0.025 0.0991189
28 0.105833 0.465859 0.0283333 0.0947137
10 0.971667 0.564978 0.02 0.0903084
10 0.963333 0.45815 0.0233333 0.101322
24 0.695833 0.80837 0.025 0.0837004
6 0.918333 0.784141 0.02 0.0837004
28 0.729167 0.573789 0.0316667 0.0814978
18 0.413333 0.457048 0.0233333 0.0991189
22 0.38 0.340308 0.0266667 0.10793
26 0.698333 0.215859 0.0233333 0.0969163
14 0.3375 0.664097 0.0216667 0.0638767
22 0.449167 0.810573 0.025 0.0837004
15 0.440833 0.573789 0.025 0.0859031
28 0.0716667 0.700441 0.0266667 0.0748899
24 0.579167 0.773128 0.0216667 0.0572687
40 0.631667 0.344714 0.0266667 0.0947137
12 0.85 0.779736 0.02 0.0881057
14 0.363333 0.669604 0.0233333 0.0792952
26 0.729167 0.215859 0.025 0.0969163
1 0.984167 0.20815 0.0216667 0.11674
1 0.964167 0.203744 0.0416667 0.11674
28 0.0775 0.46696 0.025 0.092511
33 0.719167 0.799559 0.0183333 0.0660793
17 0.325 0.460352 0.0266667 0.0969163
37 0.284167 0.810573 0.025 0.0748899
27 0.120833 0.812775 0.025 0.0704846
18 0.245833 0.338106 0.0283333 0.112335
32 0.159167 0.570485 0.025 0.0792952
31 0.664167 0.796256 0.0216667 0.0770925
20 0.0808333 0.810573 0.0283333 0.0748899
4 0.823333 0.211454 0.0266667 0.101322
18 0.265833 0.45815 0.0283333 0.0969163
18 0.3575 0.457048 0.025 0.0991189
2 0.0258333 0.187225 0.0283333 0.15859
4 0.98 0.6663 0.0266667 0.0859031
34 0.560833 0.469163 0.0283333 0.0969163
2 0.115833 0.186123 0.0283333 0.138767
32 0.715833 0.468062 0.025 0.0814978
31 0.581667 0.773128 0.02 0.061674
25 0.695 0.213656 0.0333333 0.101322
22 0.321667 0.337004 0.0233333 0.105727
27 0.095 0.816079 0.0233333 0.0682819
31 0.630833 0.769824 0.0216667 0.0594714
27 0.146667 0.813877 0.0266667 0.0726872
31 0.499167 0.69163 0.025 0.0881057
32 0.131667 0.569383 0.0233333 0.0859031
6 0.94 0.78304 0.02 0.0814978
4 0.870833 0.212555 0.025 0.103524
18 0.501667 0.573789 0.02 0.0859031
11 0.95 0.344714 0.02 0.0947137
4 0.8975 0.210352 0.025 0.10793
32 0.654167 0.465859 0.0283333 0.0903084
15 0.47 0.57489 0.0233333 0.0792952
28 0.764167 0.578194 0.0216667 0.0814978
11 0.926667 0.338106 0.0233333 0.0947137
24 0.744167 0.464758 0.025 0.0792952
32 0.6225 0.465859 0.025 0.0903084
15 0.295 0.579295 0.0266667 0.0837004
18 0.295 0.461454 0.0266667 0.0991189
26 0.79 0.218062 0.0266667 0.092511
18 0.325 0.45815 0.03 0.101322
32 0.685 0.46696 0.0266667 0.092511
15 0.386667 0.573789 0.0233333 0.0814978
22 0.465833 0.344714 0.025 0.0947137
24 0.505 0.805066 0.0233333 0.0859031
15 0.410833 0.579295 0.025 0.0837004
4 0.839167 0.670705 0.0216667 0.0947137
25 0.570833 0.215859 0.025 0.101322
24 0.529167 0.789648 0.0216667 0.0726872
15 0.320833 0.578194 0.025 0.0814978
6 0.974167 0.79185 0.025 0.103524
27 0.23 0.817181 0.0233333 0.0660793
33 0.101667 0.571586 0.0266667 0.0770925
18 0.235 0.463656 0.03 0.0991189
25 0.506667 0.212555 0.0266667 0.0991189
18 0.471667 0.460352 0.0266667 0.101322
33 0.0608333 0.579295 0.025 0.0792952
27 0.256667 0.810573 0.0233333 0.0704846
26 0.759167 0.219163 0.025 0.0947137
33 0.168333 0.463656 0.03 0.0947137
4 0.786667 0.6663 0.0233333 0.0903084
37 0.545 0.343612 0.0266667 0.0969163
18 0.5275 0.570485 0.0183333 0.0792952
25 0.541667 0.214758 0.0266667 0.103524
27 0.2075 0.799559 0.0216667 0.0704846
18 0.205 0.462555 0.0266667 0.0969163
4 0.813333 0.6663 0.02 0.0903084
24 0.554167 0.796256 0.0216667 0.0726872
33 0.696667 0.809471 0.0233333 0.0726872
27 0.1775 0.810573 0.025 0.0748899
33 0.1325 0.570485 0.025 0.0792952
31 0.605 0.780837 0.02 0.0638767
17 0.2475 0.334802 0.0283333 0.110132
22 0.433333 0.343612 0.0266667 0.0969163
37 0.511667 0.344714 0.0266667 0.0947137
39 0.1775 0.210352 0.025 0.0991189
31 0.523333 0.690529 0.0233333 0.0770925
11 0.835 0.339207 0.0266667 0.101322
17 0.215833 0.337004 0.025 0.114537
25 0.636667 0.215859 0.0266667 0.092511
31 0.551667 0.688326 0.0233333 0.0859031
11 0.895833 0.338106 0.0216667 0.103524
39 0.340833 0.209251 0.0283333 0.105727
18 0.4425 0.45815 0.025 0.0969163
37 0.635833 0.692731 0.0216667 0.0814978
21 0.375 0.213656 0.03 0.105727
28 0.0191667 0.469163 0.0283333 0.0837004
28 0.0733333 0.342511 0.0266667 0.0903084
28 0.0475 0.465859 0.0283333 0.0947137
37 0.609167 0.694934 0.025 0.0814978
37 0.580833 0.694934 0.0216667 0.0859031
21 0.440833 0.210352 0.0316667 0.10793
39 0.311667 0.210352 0.0266667 0.10793
39 0.21 0.210352 0.03 0.0991189
11 0.869167 0.339207 0.025 0.101322
33 0.138333 0.465859 0.0266667 0.0947137
21 0.473333 0.212555 0.0266667 0.103524
21 0.408333 0.213656 0.0266667 0.105727
39 0.244167 0.209251 0.0283333 0.101322
28 0.0266667 0.348018 0.0266667 0.092511
39 0.279167 0.210352 0.0283333 0.103524
25 0.6075 0.21696 0.0283333 0.0991189
