32 0.636667 0.468062 0.05 0.0859031
13 0.389167 0.682819 0.0216667 0.0792952
37 0.299167 0.814978 0.045 0.0748899
33 0.109167 0.465859 0.0283333 0.0903084
28 0.7425 0.468062 0.0283333 0.0859031
37 0.4025 0.810573 0.0283333 0.0748899
36 0.648333 0.57489 0.03 0.0837004
40 0.603333 0.344714 0.0333333 0.0903084
14 0.300833 0.699339 0.025 0.0814978
33 0.0725 0.798458 0.0183333 0.0682819
4 0.821667 0.57489 0.0233333 0.0748899
33 0.7125 0.812775 0.045 0.0704846
24 0.0075 0.580396 0.015 0.0814978
4 0.905833 0.214758 0.0216667 0.103524
34 0.5925 0.470264 0.025 0.0991189
10 0.965 0.464758 0.02 0.092511
37 0.325 0.814978 0.0533333 0.0704846
4 0.818333 0.688326 0.0366667 0.0859031
4 0.799167 0.575991 0.0216667 0.0814978
31 0.586667 0.77533 0.04 0.061674
5 0.945 0.463656 0.02 0.0947137
24 0.79 0.46696 0.0433333 0.0837004
17 0.2925 0.463656 0.025 0.0991189
25 0.625833 0.215859 0.0516667 0.101322
24 0.726667 0.572687 0.0233333 0.0837004
22 0.4775 0.798458 0.0216667 0.0814978
33 0.015 0.814978 0.0266667 0.0748899
10 0.986667 0.465859 0.02 0.0903084
2 0.0533333 0.192731 0.0233333 0.129956
40 0.668333 0.348018 0.03 0.092511
13 0.413333 0.694934 0.0233333 0.0859031
16 0.215833 0.702643 0.025 0.0881057
20 0.0833333 0.812775 0.0266667 0.0704846
14 0.27 0.698238 0.0233333 0.0792952
27 0.095 0.817181 0.02 0.0704846
28 0.7325 0.57489 0.0316667 0.0748899
6 0.853333 0.690529 0.0233333 0.0859031
26 0.755833 0.219163 0.0583333 0.0947137
11 0.853333 0.343612 0.0433333 0.0881057
22 0.450833 0.812775 0.025 0.0837004
26 0.7875 0.218062 0.0483333 0.0969163
27 0.12 0.812775 0.0233333 0.0704846
39 0.325833 0.210352 0.0616667 0.103524
4 0.841667 0.687225 0.0366667 0.0792952
11 0.836667 0.342511 0.04 0.0991189
25 0.7075 0.215859 0.025 0.101322
33 0.0516667 0.800661 0.02 0.0682819
14 0.294167 0.581498 0.0283333 0.0837004
12 0.826667 0.463656 0.02 0.0947137
15 0.263333 0.578194 0.0233333 0.0726872
22 0.376667 0.342511 0.0266667 0.103524
33 0.7725 0.799559 0.0216667 0.0881057
28 0.0341667 0.468062 0.0583333 0.0903084
1 0.943333 0.209251 0.04 0.110132
15 0.210833 0.581498 0.0216667 0.0792952
15 0.321667 0.579295 0.0266667 0.0792952
18 0.2 0.340308 0.0466667 0.10793
34 0.504167 0.468062 0.025 0.0947137
34 0.533333 0.472467 0.0266667 0.0991189
2 0.1175 0.192731 0.025 0.143172
6 0.884167 0.792952 0.0216667 0.0837004
6 0.876667 0.690529 0.0233333 0.0903084
6 0.983333 0.796256 0.0233333 0.0859031
1 0.971667 0.20815 0.04 0.103524
39 0.374167 0.212555 0.025 0.103524
32 0.715833 0.470264 0.0283333 0.0859031
32 0.5925 0.469163 0.025 0.092511
18 0.3825 0.464758 0.0283333 0.101322
24 0.525833 0.773128 0.0183333 0.0528634
1 0.985 0.211454 0.0266667 0.110132
27 0.145833 0.816079 0.025 0.0726872
18 0.3225 0.462555 0.0283333 0.101322
28 0.0791667 0.465859 0.0283333 0.0947137
15 0.355 0.572687 0.0233333 0.0792952
15 0.295 0.579295 0.0266667 0.0837004
15 0.385833 0.578194 0.0216667 0.0814978
28 0.0166667 0.702643 0.0266667 0.0792952
18 0.233333 0.464758 0.0266667 0.0969163
2 0.025 0.189427 0.0266667 0.140969
18 0.293333 0.463656 0.03 0.0991189
40 0.6375 0.345815 0.0316667 0.092511
14 0.3325 0.683921 0.0216667 0.0814978
28 0.765 0.580396 0.0266667 0.0814978
28 0.0741667 0.701542 0.025 0.0770925
31 0.473333 0.697137 0.03 0.0903084
34 0.563333 0.470264 0.0233333 0.0947137
31 0.500833 0.698238 0.025 0.0837004
26 0.7075 0.215859 0.025 0.101322
14 0.36 0.685022 0.0233333 0.0837004
37 0.5425 0.344714 0.0283333 0.0947137
4 0.800833 0.688326 0.0283333 0.0859031
15 0.239167 0.580396 0.025 0.0682819
28 0.01 0.343612 0.02 0.0969163
24 0.764167 0.577093 0.025 0.0881057
31 0.644167 0.811674 0.0216667 0.0726872
24 0.03 0.580396 0.0266667 0.0770925
27 0.229167 0.828194 0.0216667 0.0748899
2 0.143333 0.189427 0.0233333 0.136564
25 0.556667 0.215859 0.0533333 0.101322
28 0.108333 0.468062 0.03 0.0947137
6 0.910833 0.797357 0.0216667 0.092511
4 0.880833 0.215859 0.0216667 0.101322
18 0.2625 0.464758 0.0283333 0.105727
4 0.981667 0.677313 0.03 0.0903084
6 0.898333 0.690529 0.02 0.0903084
14 0.325 0.580396 0.0233333 0.0859031
6 0.935 0.796256 0.02 0.0903084
25 0.540833 0.215859 0.0316667 0.105727
28 0.0075 0.579295 0.015 0.0792952
25 0.576667 0.213656 0.03 0.105727
32 0.6225 0.46696 0.025 0.0881057
22 0.473333 0.343612 0.0266667 0.092511
33 0.0625 0.580396 0.025 0.0814978
11 0.924167 0.343612 0.025 0.0969163
26 0.801667 0.21696 0.0266667 0.0991189
17 0.190833 0.340308 0.0283333 0.10793
18 0.3525 0.463656 0.0283333 0.0991189
32 0.651667 0.468062 0.0233333 0.0903084
21 0.471667 0.215859 0.0266667 0.101322
27 0.173333 0.822687 0.02 0.0682819
15 0.410833 0.581498 0.025 0.0837004
31 0.605833 0.77533 0.025 0.0572687
4 0.830833 0.689427 0.0216667 0.0837004
4 0.83 0.214758 0.0233333 0.0991189
26 0.738333 0.219163 0.03 0.0947137
18 0.415 0.463656 0.0266667 0.0991189
13 0.4425 0.693833 0.0216667 0.0837004
28 0.0458333 0.702643 0.025 0.0748899
31 0.58 0.774229 0.02 0.0550661
24 0.744167 0.469163 0.025 0.0792952
11 0.951667 0.343612 0.0266667 0.0969163
4 0.855 0.214758 0.0266667 0.0991189
33 0.171667 0.465859 0.03 0.0903084
15 0.444167 0.571586 0.0216667 0.0770925
4 0.745 0.661894 0.0233333 0.0594714
11 0.818333 0.342511 0.0233333 0.0991189
31 0.5275 0.696035 0.025 0.0837004
25 0.5075 0.215859 0.0283333 0.101322
18 0.255 0.339207 0.03 0.114537
32 0.6825 0.470264 0.0283333 0.0859031
28 0.0283333 0.580396 0.0266667 0.0770925
37 0.513333 0.345815 0.0266667 0.092511
33 0.728333 0.814978 0.0233333 0.0837004
26 0.7725 0.220264 0.0283333 0.105727
31 0.669167 0.80837 0.025 0.0748899
21 0.373333 0.213656 0.0266667 0.105727
11 0.9 0.345815 0.0233333 0.0969163
11 0.871667 0.34141 0.0266667 0.0969163
15 0.471667 0.572687 0.0233333 0.0748899
37 0.2875 0.810573 0.0216667 0.0748899
27 0.251667 0.839207 0.0233333 0.0704846
18 0.443333 0.463656 0.0266667 0.0947137
22 0.441667 0.34141 0.0266667 0.0969163
18 0.474167 0.463656 0.025 0.0991189
33 0.0908333 0.581498 0.025 0.0792952
18 0.221667 0.339207 0.0266667 0.114537
33 0.699167 0.810573 0.025 0.0792952
27 0.199167 0.837004 0.0216667 0.0748899
17 0.219167 0.338106 0.0283333 0.10793
37 0.343333 0.813877 0.0233333 0.0726872
17 0.2525 0.337004 0.0283333 0.110132
37 0.314167 0.814978 0.025 0.0748899
24 0.503333 0.809471 0.0233333 0.0903084
18 0.204167 0.464758 0.0283333 0.092511
11 0.978333 0.342511 0.0266667 0.0991189
33 0.1225 0.580396 0.025 0.0770925
39 0.306667 0.209251 0.0266667 0.101322
28 0.0183333 0.46696 0.0266667 0.0837004
4 0.778333 0.687225 0.0233333 0.0881057
37 0.369167 0.814978 0.025 0.0792952
39 0.338333 0.211454 0.0266667 0.105727
28 0.0591667 0.344714 0.0316667 0.0991189
25 0.608333 0.21696 0.03 0.10793
31 0.555 0.700441 0.0233333 0.0837004
39 0.1775 0.210352 0.0283333 0.103524
25 0.6725 0.21696 0.0316667 0.103524
37 0.583333 0.697137 0.0233333 0.0859031
28 0.0508333 0.46696 0.0283333 0.0881057
39 0.24 0.212555 0.0233333 0.0991189
28 0.095 0.346916 0.0266667 0.0903084
37 0.613333 0.698238 0.0233333 0.0881057
22 0.41 0.342511 0.0266667 0.103524
39 0.208333 0.211454 0.0266667 0.0969163
21 0.406667 0.213656 0.0333333 0.101322
28 0.0258333 0.345815 0.0283333 0.101322
37 0.639167 0.697137 0.025 0.0814978
21 0.440833 0.213656 0.0283333 0.105727
33 0.139167 0.468062 0.0283333 0.0903084
25 0.641667 0.21696 0.03 0.10793
