37 0.596667 0.63326 0.0233333 0.112335
12 0.899167 0.797357 0.0416667 0.092511
18 0.591667 0.468062 0.0266667 0.0991189
32 0.675 0.580396 0.0266667 0.0859031
36 0.674167 0.580396 0.0283333 0.0903084
12 0.911667 0.798458 0.02 0.0947137
32 0.563333 0.580396 0.0266667 0.0859031
41 0.604167 0.342511 0.0283333 0.0947137
1 0.993333 0.219163 0.0133333 0.103524
31 0.4675 0.693833 0.025 0.0837004
30 0.1325 0.707048 0.0316667 0.0792952
18 0.361667 0.462555 0.06 0.092511
11 0.870833 0.330396 0.0183333 0.0792952
5 0.938333 0.455947 0.0233333 0.0969163
15 0.329167 0.571586 0.025 0.0814978
21 0.3425 0.213656 0.0283333 0.110132
18 0.561667 0.46696 0.03 0.0969163
2 0.0291667 0.190529 0.025 0.138767
32 0.588333 0.579295 0.0266667 0.0881057
4 0.816667 0.659692 0.0166667 0.0638767
12 0.801667 0.797357 0.0333333 0.092511
37 0.354167 0.818282 0.0483333 0.0770925
43 0.0116667 0.812775 0.02 0.0704846
39 0.3225 0.210352 0.0616667 0.103524
26 0.7875 0.218062 0.055 0.101322
8 0.86 0.686123 0.04 0.0991189
26 0.755 0.21696 0.0566667 0.0991189
37 0.541667 0.342511 0.0266667 0.0947137
25 0.7075 0.214758 0.0283333 0.103524
18 0.531667 0.468062 0.0266667 0.0991189
13 0.388333 0.6663 0.02 0.0726872
17 0.314167 0.340308 0.025 0.0991189
2 0.0108333 0.188326 0.0183333 0.143172
31 0.499167 0.698238 0.025 0.092511
2 0.1175 0.19163 0.025 0.136564
27 0.241667 0.816079 0.0466667 0.0682819
27 0.0916667 0.818282 0.0233333 0.0682819
39 0.2925 0.213656 0.0583333 0.105727
25 0.59 0.214758 0.06 0.0947137
14 0.3675 0.668502 0.0216667 0.0814978
1 0.956667 0.214758 0.0233333 0.0947137
8 0.900833 0.685022 0.0283333 0.101322
2 0.0858333 0.193833 0.025 0.132159
12 0.799167 0.462555 0.0216667 0.092511
27 0.2225 0.816079 0.0383333 0.0682819
39 0.26 0.214758 0.0566667 0.10793
22 0.445833 0.809471 0.0316667 0.0770925
12 0.8225 0.460352 0.0216667 0.0969163
31 0.575833 0.667401 0.025 0.0660793
34 0.531667 0.468062 0.0266667 0.0991189
43 0.0658333 0.813877 0.025 0.0682819
40 0.668333 0.339207 0.0266667 0.0969163
24 0.530833 0.810573 0.025 0.0837004
27 0.151667 0.811674 0.0233333 0.0638767
13 0.439167 0.696035 0.0216667 0.0837004
11 0.800833 0.460352 0.0216667 0.092511
11 0.890833 0.340308 0.0183333 0.0770925
15 0.3575 0.570485 0.025 0.0837004
14 0.274167 0.689427 0.0183333 0.0748899
27 0.119167 0.814978 0.025 0.0704846
18 0.5025 0.46696 0.025 0.101322
33 0.116667 0.581498 0.03 0.0792952
14 0.300833 0.699339 0.025 0.0859031
16 0.249167 0.69163 0.0216667 0.0792952
14 0.3275 0.569383 0.025 0.0814978
15 0.443333 0.577093 0.0233333 0.0792952
34 0.590833 0.46696 0.025 0.0969163
24 0.764167 0.580396 0.025 0.0859031
24 0.740833 0.468062 0.025 0.0903084
14 0.3025 0.569383 0.025 0.0814978
11 0.989167 0.338106 0.0183333 0.0991189
32 0.713333 0.469163 0.03 0.092511
32 0.620833 0.46696 0.0283333 0.092511
26 0.705 0.21696 0.0266667 0.0947137
4 0.795 0.661894 0.0233333 0.0638767
1 0.900833 0.213656 0.025 0.105727
11 0.908333 0.34141 0.0166667 0.0881057
17 0.273333 0.337004 0.0266667 0.0969163
40 0.635833 0.343612 0.0283333 0.0969163
24 0.735833 0.578194 0.025 0.0859031
4 0.8625 0.213656 0.0283333 0.101322
1 0.928333 0.219163 0.0233333 0.0991189
31 0.669167 0.810573 0.0283333 0.0792952
28 0.015 0.703744 0.0266667 0.0814978
18 0.195 0.340308 0.0266667 0.10793
15 0.470833 0.569383 0.0216667 0.0770925
24 0.505 0.809471 0.0233333 0.0814978
12 0.818333 0.799559 0.02 0.092511
34 0.563333 0.469163 0.0266667 0.0969163
28 0.0158333 0.557269 0.0216667 0.0660793
31 0.525 0.694934 0.0233333 0.0814978
28 0.105833 0.46696 0.0283333 0.0969163
4 0.828333 0.214758 0.0233333 0.103524
12 0.790833 0.800661 0.0216667 0.0859031
28 0.11 0.334802 0.0233333 0.0837004
31 0.550833 0.686123 0.0216667 0.0770925
32 0.650833 0.468062 0.0283333 0.0947137
15 0.413333 0.570485 0.0233333 0.0792952
22 0.471667 0.342511 0.0266667 0.0947137
15 0.386667 0.571586 0.0233333 0.0814978
33 0.1075 0.470264 0.0283333 0.0947137
26 0.799167 0.215859 0.025 0.105727
26 0.738333 0.21696 0.03 0.0947137
20 0.09 0.817181 0.0233333 0.0704846
14 0.328333 0.699339 0.0233333 0.0859031
17 0.245 0.335903 0.0233333 0.0947137
32 0.145833 0.581498 0.0283333 0.0837004
24 0.5575 0.802863 0.025 0.0770925
32 0.119167 0.5837 0.025 0.0792952
18 0.413333 0.460352 0.0266667 0.101322
26 0.7725 0.214758 0.025 0.103524
27 0.178333 0.816079 0.0266667 0.0682819
32 0.181667 0.575991 0.0266667 0.0859031
12 0.863333 0.797357 0.02 0.092511
22 0.378333 0.340308 0.0266667 0.103524
33 0.724167 0.816079 0.0283333 0.0770925
18 0.204167 0.465859 0.0283333 0.0947137
18 0.441667 0.461454 0.0266667 0.0991189
28 0.0741667 0.703744 0.025 0.0726872
4 0.760833 0.651982 0.0216667 0.0528634
31 0.5875 0.809471 0.025 0.0814978
18 0.381667 0.45815 0.0266667 0.101322
33 0.7 0.813877 0.0233333 0.0770925
37 0.5125 0.344714 0.0283333 0.0947137
1 0.971667 0.212555 0.0233333 0.0947137
21 0.3775 0.213656 0.025 0.105727
18 0.4725 0.462555 0.0283333 0.101322
37 0.598333 0.667401 0.0233333 0.0660793
27 0.256667 0.812775 0.0233333 0.0704846
28 0.045 0.703744 0.0266667 0.0770925
31 0.638333 0.799559 0.02 0.0660793
18 0.263333 0.464758 0.0266667 0.101322
33 0.0583333 0.5837 0.0266667 0.0837004
31 0.614167 0.811674 0.0216667 0.0770925
27 0.2025 0.814978 0.025 0.0704846
37 0.2875 0.811674 0.0216667 0.0726872
25 0.57 0.218062 0.0233333 0.101322
39 0.309167 0.211454 0.0283333 0.105727
37 0.630833 0.681718 0.0216667 0.0770925
39 0.3375 0.211454 0.0283333 0.105727
33 0.170833 0.465859 0.0283333 0.0947137
32 0.681667 0.468062 0.03 0.0903084
17 0.196667 0.335903 0.0266667 0.10793
18 0.350833 0.462555 0.0283333 0.105727
37 0.34 0.814978 0.0233333 0.0748899
37 0.3125 0.813877 0.025 0.0770925
28 0.0183333 0.471366 0.0266667 0.0881057
28 0.0766667 0.46696 0.0266667 0.0969163
25 0.671667 0.21696 0.03 0.0991189
22 0.438333 0.339207 0.0266667 0.0969163
21 0.473333 0.215859 0.0266667 0.0969163
39 0.1775 0.211454 0.025 0.101322
28 0.0733333 0.345815 0.0266667 0.0881057
39 0.2075 0.215859 0.0283333 0.0969163
11 0.801667 0.343612 0.0233333 0.092511
11 0.930833 0.344714 0.0216667 0.0991189
11 0.966667 0.343612 0.0266667 0.101322
11 0.829167 0.343612 0.0283333 0.092511
33 0.1375 0.469163 0.0283333 0.092511
22 0.41 0.338106 0.0266667 0.0991189
37 0.368333 0.813877 0.0266667 0.0770925
39 0.243333 0.214758 0.0266667 0.0991189
21 0.440833 0.212555 0.0316667 0.103524
25 0.6075 0.218062 0.0283333 0.105727
28 0.0241667 0.35022 0.0283333 0.092511
25 0.64 0.218062 0.03 0.101322
39 0.275833 0.212555 0.0283333 0.10793
28 0.045 0.46696 0.03 0.0969163
21 0.4075 0.214758 0.0283333 0.103524
