22 0.44 0.335903 0.0333333 0.0903084
34 0.585833 0.45815 0.0216667 0.092511
12 0.833333 0.794053 0.0366667 0.0903084
19 0.291667 0.338106 0.0233333 0.103524
12 0.835833 0.455947 0.0383333 0.105727
12 0.868333 0.790749 0.0233333 0.092511
11 0.99 0.345815 0.0166667 0.0969163
16 0.220833 0.701542 0.0283333 0.0814978
11 0.798333 0.45815 0.0233333 0.105727
40 0.668333 0.345815 0.03 0.0969163
15 0.208333 0.580396 0.02 0.0770925
17 0.211667 0.340308 0.0533333 0.0947137
24 0.515833 0.798458 0.045 0.0770925
14 0.2725 0.685022 0.0183333 0.0792952
18 0.455 0.460352 0.0433333 0.0969163
4 0.823333 0.564978 0.0233333 0.0947137
1 0.985833 0.211454 0.0183333 0.105727
18 0.1975 0.340308 0.025 0.0991189
17 0.24 0.339207 0.05 0.0969163
36 0.641667 0.567181 0.0233333 0.0814978
18 0.355833 0.457048 0.0216667 0.0991189
26 0.783333 0.220264 0.0533333 0.101322
34 0.5175 0.464758 0.0583333 0.092511
37 0.571667 0.343612 0.0266667 0.0969163
33 0.163333 0.462555 0.05 0.0881057
31 0.475833 0.795154 0.0216667 0.0792952
14 0.3 0.699339 0.0266667 0.0859031
25 0.7075 0.21696 0.025 0.0947137
33 0.6775 0.774229 0.0183333 0.0594714
18 0.3925 0.462555 0.045 0.0969163
13 0.465833 0.669604 0.0216667 0.0748899
13 0.439167 0.697137 0.025 0.0859031
26 0.75 0.221366 0.05 0.0947137
34 0.501667 0.469163 0.0233333 0.0969163
24 0.696667 0.572687 0.0233333 0.0837004
13 0.410833 0.694934 0.0216667 0.0814978
31 0.571667 0.664097 0.0266667 0.0726872
11 0.8625 0.340308 0.0183333 0.103524
18 0.3 0.460352 0.0266667 0.0969163
40 0.606667 0.344714 0.0266667 0.0947137
11 0.910833 0.34141 0.0416667 0.101322
24 0.759167 0.454846 0.0216667 0.0903084
14 0.355 0.571586 0.0266667 0.0814978
43 0.0308333 0.693833 0.0216667 0.0792952
24 0.733333 0.578194 0.02 0.0859031
28 0.0166667 0.5837 0.0233333 0.0748899
22 0.349167 0.339207 0.025 0.101322
27 0.119167 0.816079 0.025 0.0682819
14 0.356667 0.687225 0.0233333 0.0837004
27 0.235833 0.800661 0.0216667 0.0682819
15 0.3225 0.580396 0.0283333 0.0859031
34 0.53 0.470264 0.0266667 0.0947137
37 0.623333 0.693833 0.0333333 0.0792952
21 0.343333 0.212555 0.03 0.10793
31 0.609167 0.699339 0.0216667 0.0903084
2 0.0941667 0.185022 0.0283333 0.136564
15 0.259167 0.578194 0.0216667 0.0726872
28 0.0575 0.69163 0.0216667 0.0748899
37 0.5425 0.342511 0.025 0.0947137
15 0.354167 0.571586 0.0283333 0.0814978
12 0.798333 0.459251 0.02 0.103524
8 0.85 0.681718 0.0233333 0.103524
5 0.894167 0.45815 0.025 0.105727
14 0.293333 0.581498 0.0266667 0.0837004
12 0.8225 0.794053 0.0183333 0.0947137
2 0.0541667 0.182819 0.0283333 0.136564
1 0.966667 0.205947 0.0266667 0.10793
4 0.851667 0.682819 0.0266667 0.114537
27 0.0916667 0.817181 0.0233333 0.0704846
20 0.09 0.814978 0.0233333 0.0748899
37 0.33 0.810573 0.0433333 0.0704846
24 0.0175 0.582599 0.0216667 0.0814978
22 0.378333 0.342511 0.0266667 0.103524
15 0.293333 0.581498 0.0266667 0.0792952
24 0.701667 0.455947 0.0233333 0.0837004
24 0.740833 0.459251 0.0316667 0.0903084
18 0.500833 0.464758 0.025 0.0969163
27 0.146667 0.814978 0.0266667 0.0704846
4 0.819167 0.218062 0.0216667 0.101322
25 0.508333 0.218062 0.0266667 0.101322
17 0.328333 0.460352 0.0266667 0.101322
5 0.870833 0.455947 0.0216667 0.105727
26 0.769167 0.21696 0.0216667 0.103524
22 0.32 0.335903 0.0266667 0.103524
28 0.166667 0.345815 0.02 0.092511
40 0.636667 0.345815 0.03 0.0969163
6 0.98 0.794053 0.0233333 0.0991189
25 0.5375 0.218062 0.0216667 0.101322
28 0.733333 0.578194 0.02 0.0859031
2 0.0225 0.181718 0.025 0.143172
22 0.449167 0.80837 0.025 0.0792952
11 0.96 0.334802 0.0233333 0.0837004
28 0.760833 0.577093 0.025 0.0881057
21 0.473333 0.218062 0.0266667 0.0969163
15 0.236667 0.580396 0.0233333 0.0726872
11 0.983333 0.339207 0.0233333 0.092511
24 0.503333 0.797357 0.0233333 0.0748899
14 0.333333 0.688326 0.02 0.0814978
18 0.2675 0.460352 0.0283333 0.0969163
31 0.5 0.671806 0.03 0.0704846
32 0.618333 0.461454 0.0266667 0.0903084
34 0.56 0.465859 0.0266667 0.0947137
15 0.386667 0.578194 0.0233333 0.0814978
4 0.854167 0.213656 0.025 0.105727
4 0.879167 0.213656 0.0216667 0.101322
39 0.273333 0.214758 0.0233333 0.0991189
11 0.8425 0.339207 0.025 0.105727
4 0.98 0.665198 0.02 0.0792952
24 0.5275 0.795154 0.0216667 0.0748899
28 0.0716667 0.470264 0.0333333 0.0859031
1 0.938333 0.207048 0.0233333 0.118943
26 0.791667 0.215859 0.0233333 0.105727
37 0.633333 0.690529 0.02 0.0770925
4 0.976667 0.560573 0.0333333 0.0859031
4 0.830833 0.21696 0.0216667 0.103524
28 0.146667 0.337004 0.0166667 0.0881057
32 0.646667 0.463656 0.0266667 0.0903084
27 0.175833 0.813877 0.025 0.0682819
37 0.573333 0.6663 0.0233333 0.0682819
11 0.8175 0.339207 0.0216667 0.105727
21 0.444167 0.21696 0.0216667 0.0991189
14 0.324167 0.580396 0.025 0.0859031
26 0.736667 0.21696 0.0266667 0.10793
15 0.455 0.579295 0.0266667 0.0837004
27 0.203333 0.814978 0.0233333 0.0704846
11 0.925 0.342511 0.0233333 0.0991189
27 0.256667 0.813877 0.0233333 0.0770925
17 0.261667 0.337004 0.0233333 0.101322
25 0.6675 0.218062 0.0283333 0.092511
33 0.179167 0.462555 0.0216667 0.092511
25 0.591667 0.221366 0.0233333 0.0947137
31 0.546667 0.665198 0.02 0.0660793
4 0.775833 0.685022 0.025 0.101322
31 0.585 0.797357 0.02 0.0792952
18 0.235 0.465859 0.03 0.0991189
18 0.4125 0.462555 0.025 0.101322
15 0.4275 0.577093 0.025 0.0792952
18 0.470833 0.462555 0.025 0.101322
37 0.609167 0.698238 0.025 0.0837004
25 0.635 0.218062 0.03 0.0969163
32 0.676667 0.462555 0.0233333 0.0881057
4 0.799167 0.683921 0.025 0.0991189
25 0.563333 0.221366 0.0266667 0.0947137
11 0.895 0.342511 0.0233333 0.10793
21 0.375833 0.213656 0.0283333 0.105727
39 0.176667 0.211454 0.0266667 0.101322
18 0.205 0.464758 0.0266667 0.0969163
39 0.340833 0.212555 0.0283333 0.10793
37 0.511667 0.345815 0.0266667 0.092511
28 0.0558333 0.344714 0.0283333 0.0903084
37 0.341667 0.814978 0.0233333 0.0704846
37 0.316667 0.801762 0.02 0.0660793
18 0.441667 0.459251 0.0266667 0.0991189
33 0.0575 0.587004 0.025 0.0770925
28 0.0183333 0.471366 0.0266667 0.0881057
37 0.368333 0.813877 0.0233333 0.0770925
22 0.41 0.343612 0.0266667 0.101322
33 0.149167 0.46696 0.0283333 0.0881057
28 0.0458333 0.468062 0.0283333 0.0947137
39 0.206667 0.212555 0.0266667 0.0991189
39 0.2425 0.213656 0.025 0.0969163
31 0.5225 0.682819 0.0216667 0.0792952
21 0.4075 0.215859 0.035 0.101322
28 0.0241667 0.345815 0.0283333 0.0969163
28 0.1 0.348018 0.0266667 0.0969163
39 0.3125 0.211454 0.0283333 0.110132
