16 0.241667 0.698238 0.03 0.0792952
24 0.0575 0.581498 0.025 0.0792952
12 0.783333 0.799559 0.04 0.0837004
32 0.6475 0.578194 0.0216667 0.0814978
18 0.365 0.462555 0.06 0.105727
39 0.323333 0.20815 0.0633333 0.10793
10 0.913333 0.459251 0.0233333 0.0903084
28 0.763333 0.578194 0.0266667 0.0814978
4 0.814167 0.572687 0.0216667 0.0748899
28 0.558333 0.807269 0.0233333 0.0814978
32 0.675 0.579295 0.0233333 0.0837004
8 0.86 0.688326 0.04 0.0991189
14 0.269167 0.694934 0.025 0.0814978
37 0.354167 0.814978 0.0483333 0.0792952
21 0.358333 0.20815 0.06 0.103524
31 0.4675 0.69163 0.025 0.092511
33 0.0575 0.580396 0.025 0.0814978
10 0.9375 0.461454 0.025 0.0903084
2 0.0108333 0.186123 0.0183333 0.143172
22 0.343333 0.339207 0.03 0.110132
2 0.0275 0.188326 0.025 0.138767
27 0.2425 0.812775 0.0483333 0.0704846
31 0.498333 0.694934 0.0266667 0.0947137
26 0.754167 0.21696 0.055 0.0947137
34 0.503333 0.46696 0.0233333 0.0969163
32 0.120833 0.580396 0.0316667 0.0814978
11 0.983333 0.34141 0.0266667 0.092511
10 0.984167 0.461454 0.0216667 0.0947137
40 0.606667 0.342511 0.0266667 0.0947137
43 0.065 0.812775 0.0233333 0.0660793
28 0.530833 0.80837 0.025 0.0837004
32 0.588333 0.577093 0.0266667 0.0881057
32 0.1725 0.582599 0.025 0.0859031
39 0.26 0.209251 0.0566667 0.101322
25 0.770833 0.21696 0.0283333 0.0991189
13 0.409167 0.696035 0.035 0.0837004
12 0.8175 0.802863 0.0183333 0.0814978
34 0.531667 0.46696 0.0266667 0.092511
2 0.0533333 0.186123 0.0266667 0.143172
27 0.09 0.816079 0.0233333 0.0682819
4 0.880833 0.212555 0.025 0.0991189
16 0.215 0.700441 0.0233333 0.0792952
2 0.113333 0.183921 0.0266667 0.138767
37 0.5725 0.342511 0.0283333 0.0991189
27 0.223333 0.811674 0.0366667 0.0682819
27 0.149167 0.806167 0.0216667 0.0704846
14 0.299167 0.698238 0.025 0.0837004
32 0.5625 0.579295 0.025 0.0837004
34 0.59 0.46696 0.0233333 0.092511
13 0.438333 0.694934 0.0233333 0.0859031
6 0.934167 0.796256 0.0216667 0.0903084
15 0.324167 0.579295 0.025 0.0837004
14 0.355 0.696035 0.0233333 0.0837004
37 0.593333 0.687225 0.0433333 0.0881057
15 0.3825 0.57489 0.025 0.0792952
18 0.245 0.338106 0.03 0.11674
33 0.1725 0.580396 0.025 0.0859031
26 0.786667 0.218062 0.0466667 0.092511
17 0.284167 0.340308 0.025 0.103524
28 0.735 0.577093 0.0266667 0.0837004
2 0.085 0.186123 0.0266667 0.138767
4 0.816667 0.682819 0.0233333 0.0837004
4 0.8425 0.685022 0.035 0.092511
18 0.234167 0.464758 0.0283333 0.0969163
11 0.801667 0.460352 0.02 0.092511
28 0.0075 0.579295 0.015 0.0792952
27 0.119167 0.812775 0.025 0.0704846
37 0.620833 0.682819 0.0416667 0.0881057
28 0.0558333 0.580396 0.025 0.0814978
28 0.505 0.80837 0.0266667 0.0792952
15 0.441667 0.575991 0.0233333 0.0814978
14 0.295 0.580396 0.0266667 0.0726872
34 0.561667 0.469163 0.0266667 0.0969163
40 0.668333 0.34141 0.0266667 0.0969163
28 0.015 0.702643 0.0266667 0.0837004
28 0.0725 0.700441 0.025 0.0748899
24 0.740833 0.46696 0.025 0.0881057
24 0.0275 0.581498 0.025 0.0748899
32 0.143333 0.580396 0.0266667 0.0859031
12 0.8 0.462555 0.0233333 0.092511
15 0.295833 0.578194 0.025 0.0814978
12 0.823333 0.461454 0.02 0.0947137
22 0.4475 0.807269 0.0283333 0.0814978
24 0.530833 0.80837 0.025 0.0837004
22 0.4725 0.343612 0.025 0.0969163
12 0.864167 0.798458 0.0216667 0.0859031
11 0.969167 0.34141 0.025 0.0969163
32 0.620833 0.465859 0.0283333 0.0903084
33 0.105833 0.469163 0.0316667 0.092511
18 0.185833 0.338106 0.025 0.112335
32 0.7125 0.46696 0.0283333 0.0881057
28 0.105833 0.46696 0.0283333 0.092511
33 0.0858333 0.580396 0.025 0.0814978
37 0.54 0.34141 0.03 0.0969163
31 0.555 0.692731 0.0233333 0.0903084
31 0.590833 0.80837 0.0316667 0.0748899
24 0.763333 0.577093 0.0266667 0.0837004
28 0.045 0.704846 0.0266667 0.0748899
20 0.0916667 0.814978 0.0233333 0.0704846
40 0.6375 0.342511 0.0283333 0.0947137
15 0.351667 0.578194 0.0266667 0.0770925
31 0.526667 0.692731 0.0233333 0.0903084
1 0.928333 0.211454 0.0233333 0.105727
15 0.410833 0.577093 0.025 0.0792952
15 0.471667 0.569383 0.0233333 0.0814978
33 0.724167 0.812775 0.025 0.0748899
27 0.1775 0.813877 0.0283333 0.0682819
24 0.505 0.80837 0.0266667 0.0837004
14 0.3225 0.580396 0.025 0.0814978
18 0.261667 0.462555 0.03 0.105727
18 0.381667 0.460352 0.0266667 0.0969163
32 0.650833 0.46696 0.0283333 0.092511
22 0.375 0.34141 0.0266667 0.101322
26 0.8 0.21696 0.0233333 0.103524
31 0.6175 0.810573 0.0216667 0.0748899
14 0.3275 0.694934 0.025 0.0859031
18 0.215 0.339207 0.0266667 0.110132
26 0.7725 0.214758 0.025 0.0991189
4 0.83 0.681718 0.02 0.0814978
18 0.471667 0.461454 0.0266667 0.0991189
24 0.735833 0.577093 0.025 0.0837004
18 0.413333 0.462555 0.0233333 0.101322
26 0.7375 0.218062 0.0283333 0.092511
26 0.704167 0.21696 0.025 0.0947137
4 0.828333 0.212555 0.0233333 0.103524
27 0.2575 0.810573 0.025 0.0704846
4 0.803333 0.687225 0.0266667 0.0969163
25 0.5725 0.211454 0.025 0.092511
4 0.858333 0.214758 0.0233333 0.103524
39 0.3375 0.210352 0.0283333 0.10793
37 0.510833 0.342511 0.0283333 0.0991189
31 0.669167 0.810573 0.025 0.0748899
27 0.2025 0.812775 0.025 0.0704846
31 0.641667 0.809471 0.0233333 0.0814978
11 0.948333 0.342511 0.0233333 0.0947137
18 0.204167 0.465859 0.0316667 0.0947137
17 0.245833 0.337004 0.0283333 0.105727
4 0.778333 0.69163 0.0233333 0.092511
33 0.7 0.811674 0.0233333 0.0770925
1 0.976667 0.209251 0.0233333 0.101322
18 0.441667 0.460352 0.0266667 0.0969163
17 0.185833 0.339207 0.025 0.105727
39 0.176667 0.20815 0.03 0.0991189
28 0.0258333 0.580396 0.025 0.0770925
17 0.213333 0.337004 0.0266667 0.110132
33 0.170833 0.464758 0.0283333 0.092511
28 0.0575 0.345815 0.0283333 0.092511
39 0.3075 0.212555 0.0283333 0.103524
28 0.0741667 0.468062 0.0283333 0.0903084
37 0.634167 0.681718 0.0216667 0.0814978
24 0.56 0.809471 0.0266667 0.0814978
22 0.409167 0.340308 0.025 0.0991189
18 0.350833 0.460352 0.0283333 0.105727
32 0.681667 0.468062 0.03 0.0859031
37 0.286667 0.810573 0.0233333 0.0704846
22 0.438333 0.34141 0.0266667 0.101322
21 0.473333 0.213656 0.0266667 0.101322
25 0.671667 0.215859 0.03 0.0969163
25 0.6075 0.215859 0.0283333 0.101322
37 0.339167 0.813877 0.025 0.0770925
28 0.0183333 0.471366 0.03 0.0881057
37 0.580833 0.694934 0.025 0.0859031
33 0.136667 0.46696 0.0266667 0.092511
21 0.373333 0.212555 0.0266667 0.10793
37 0.3125 0.812775 0.025 0.0748899
11 0.801667 0.340308 0.0233333 0.0947137
37 0.6075 0.687225 0.0216667 0.0837004
11 0.83 0.34141 0.03 0.092511
28 0.0441667 0.465859 0.0283333 0.0947137
39 0.275833 0.210352 0.0283333 0.10793
37 0.368333 0.810573 0.0266667 0.0792952
39 0.2075 0.211454 0.0283333 0.0969163
39 0.243333 0.212555 0.0266667 0.0991189
28 0.0241667 0.349119 0.0283333 0.0947137
21 0.440833 0.210352 0.0316667 0.10793
21 0.406667 0.212555 0.03 0.10793
25 0.640833 0.21696 0.0283333 0.103524
