12 0.83 0.459251 0.02 0.0947137
22 0.395833 0.812775 0.025 0.0792952
11 0.930833 0.340308 0.035 0.0903084
32 0.6475 0.578194 0.0216667 0.0859031
18 0.561667 0.46696 0.0266667 0.0969163
14 0.3225 0.579295 0.025 0.0837004
15 0.400833 0.572687 0.055 0.0837004
31 0.6925 0.799559 0.0216667 0.0704846
14 0.271667 0.696035 0.0266667 0.0837004
27 0.215833 0.809471 0.0316667 0.0638767
2 0.0858333 0.185022 0.0283333 0.136564
24 0.7875 0.462555 0.045 0.0837004
6 0.976667 0.788546 0.02 0.092511
28 0.744167 0.465859 0.0283333 0.0903084
18 0.530833 0.465859 0.025 0.0991189
17 0.239167 0.337004 0.0516667 0.0969163
43 0.0166667 0.703744 0.0233333 0.0770925
12 0.869167 0.457048 0.0216667 0.0991189
34 0.591667 0.465859 0.0266667 0.0947137
18 0.3875 0.454846 0.025 0.0947137
4 0.803333 0.669604 0.0366667 0.0837004
11 0.985 0.564978 0.02 0.0903084
27 0.241667 0.811674 0.0433333 0.0682819
25 0.5575 0.212555 0.0616667 0.0991189
25 0.726667 0.215859 0.0266667 0.0969163
25 0.5925 0.211454 0.0616667 0.0969163
24 0.578333 0.774229 0.0233333 0.0550661
4 0.980833 0.667401 0.025 0.0837004
33 0.0133333 0.699339 0.0233333 0.0770925
1 0.9275 0.209251 0.025 0.114537
39 0.378333 0.209251 0.03 0.110132
32 0.619167 0.57489 0.0216667 0.0837004
17 0.221667 0.339207 0.0333333 0.0969163
26 0.6975 0.21696 0.025 0.0991189
33 0.106667 0.46696 0.0266667 0.0881057
28 0.733333 0.581498 0.0233333 0.0837004
25 0.525833 0.213656 0.055 0.101322
33 0.77 0.800661 0.02 0.0859031
34 0.53 0.46696 0.0266667 0.0969163
2 0.140833 0.190529 0.0216667 0.129956
27 0.095 0.817181 0.0233333 0.0704846
26 0.726667 0.215859 0.0266667 0.0969163
1 0.9425 0.207048 0.0483333 0.114537
18 0.495833 0.462555 0.035 0.0969163
17 0.294167 0.334802 0.025 0.0969163
14 0.365 0.667401 0.0266667 0.0837004
14 0.338333 0.664097 0.02 0.0638767
18 0.228333 0.337004 0.0266667 0.101322
13 0.443333 0.67511 0.0233333 0.0770925
22 0.449167 0.810573 0.025 0.0837004
24 0.734167 0.580396 0.0216667 0.0814978
31 0.6675 0.806167 0.025 0.0792952
34 0.561667 0.469163 0.0266667 0.0969163
4 0.868333 0.212555 0.02 0.103524
40 0.631667 0.344714 0.0266667 0.0947137
25 0.69 0.213656 0.04 0.101322
20 0.08 0.810573 0.03 0.0748899
37 0.394167 0.812775 0.025 0.0837004
14 0.298333 0.581498 0.0266667 0.092511
18 0.413333 0.457048 0.0233333 0.0991189
17 0.325 0.460352 0.0266667 0.0969163
4 0.765 0.665198 0.03 0.0748899
28 0.0133333 0.700441 0.0233333 0.0792952
31 0.469167 0.670705 0.0216667 0.0770925
33 0.7175 0.797357 0.0216667 0.0748899
27 0.120833 0.812775 0.025 0.0704846
16 0.215833 0.699339 0.0216667 0.0770925
32 0.716667 0.468062 0.0266667 0.0814978
1 0.984167 0.209251 0.0216667 0.118943
17 0.355833 0.45815 0.025 0.0969163
33 0.0966667 0.569383 0.0333333 0.0726872
18 0.266667 0.45815 0.0266667 0.0969163
14 0.305833 0.686123 0.025 0.0814978
28 0.0716667 0.701542 0.03 0.0770925
24 0.7625 0.578194 0.025 0.0814978
4 0.894167 0.213656 0.025 0.101322
6 0.899167 0.785242 0.0183333 0.0859031
6 0.920833 0.78304 0.0183333 0.0814978
28 0.760833 0.579295 0.025 0.0792952
4 0.783333 0.665198 0.0266667 0.0837004
28 0.105833 0.46696 0.0283333 0.092511
31 0.578333 0.681718 0.0233333 0.0859031
1 0.956667 0.204846 0.0266667 0.123348
18 0.3575 0.45815 0.025 0.101322
4 0.859167 0.212555 0.0216667 0.103524
15 0.321667 0.578194 0.0233333 0.0770925
28 0.0208333 0.559471 0.025 0.061674
24 0.504167 0.800661 0.0216667 0.0903084
11 0.914167 0.34141 0.025 0.0969163
26 0.791667 0.21696 0.0233333 0.103524
27 0.146667 0.813877 0.0266667 0.0726872
2 0.0241667 0.187225 0.0283333 0.154185
37 0.544167 0.342511 0.0283333 0.0947137
18 0.5025 0.573789 0.0216667 0.0859031
32 0.653333 0.465859 0.03 0.0903084
28 0.191667 0.342511 0.03 0.0947137
28 0.0733333 0.469163 0.0333333 0.0837004
33 0.695 0.799559 0.02 0.0704846
6 0.950833 0.79185 0.0216667 0.0947137
31 0.496667 0.6663 0.0233333 0.0726872
32 0.624167 0.465859 0.025 0.0903084
22 0.325 0.3337 0.0233333 0.0991189
31 0.6025 0.773128 0.0183333 0.061674
33 0.0858333 0.563877 0.025 0.0748899
37 0.2875 0.810573 0.025 0.0748899
15 0.385 0.57489 0.0266667 0.0881057
26 0.759167 0.21696 0.025 0.0991189
27 0.23 0.817181 0.0233333 0.0660793
24 0.744167 0.465859 0.025 0.0770925
4 0.815833 0.213656 0.0216667 0.101322
32 0.685833 0.46696 0.0283333 0.092511
31 0.635833 0.785242 0.0216667 0.0682819
27 0.256667 0.810573 0.0233333 0.0704846
15 0.296667 0.579295 0.0266667 0.0748899
31 0.58 0.772026 0.0166667 0.0594714
11 0.893333 0.340308 0.0166667 0.0903084
17 0.256667 0.335903 0.0266667 0.0991189
18 0.235 0.463656 0.03 0.0991189
22 0.354167 0.3337 0.025 0.0947137
33 0.1125 0.563877 0.025 0.0660793
22 0.390833 0.340308 0.025 0.0903084
39 0.183333 0.212555 0.0233333 0.0991189
25 0.506667 0.214758 0.0266667 0.0991189
15 0.470833 0.569383 0.0216667 0.0770925
25 0.6425 0.215859 0.025 0.0881057
24 0.529167 0.788546 0.0216667 0.0792952
4 0.8375 0.671806 0.0216667 0.092511
18 0.295 0.462555 0.0266667 0.101322
15 0.414167 0.569383 0.025 0.0814978
25 0.541667 0.214758 0.03 0.10793
18 0.325 0.45815 0.03 0.101322
15 0.444167 0.570485 0.0216667 0.0748899
31 0.5225 0.665198 0.025 0.0660793
25 0.5725 0.213656 0.0283333 0.105727
27 0.2075 0.801762 0.0216667 0.0704846
33 0.166667 0.468062 0.03 0.0903084
18 0.471667 0.460352 0.0266667 0.101322
22 0.465 0.344714 0.0266667 0.0947137
4 0.814167 0.669604 0.0216667 0.0881057
18 0.204167 0.464758 0.025 0.0969163
4 0.835 0.213656 0.02 0.0969163
31 0.551667 0.67511 0.0233333 0.0770925
18 0.526667 0.569383 0.02 0.0814978
27 0.1775 0.811674 0.025 0.0726872
28 0.151667 0.34141 0.03 0.101322
37 0.5125 0.344714 0.0283333 0.0947137
11 0.834167 0.340308 0.025 0.0991189
39 0.250833 0.215859 0.0283333 0.092511
28 0.0191667 0.471366 0.0283333 0.0837004
24 0.554167 0.795154 0.0216667 0.0748899
11 0.946667 0.344714 0.0233333 0.0947137
22 0.4325 0.344714 0.0283333 0.0947137
21 0.375 0.213656 0.03 0.105727
37 0.631667 0.682819 0.02 0.0792952
18 0.4425 0.459251 0.025 0.0947137
28 0.0458333 0.46696 0.0283333 0.092511
39 0.339167 0.211454 0.0283333 0.110132
28 0.0541667 0.344714 0.0283333 0.0947137
39 0.213333 0.213656 0.03 0.0969163
28 0.12 0.34141 0.03 0.101322
21 0.409167 0.213656 0.0283333 0.101322
37 0.58 0.683921 0.0233333 0.0814978
21 0.473333 0.212555 0.0266667 0.103524
21 0.440833 0.210352 0.0316667 0.103524
11 0.869167 0.34141 0.025 0.101322
33 0.136667 0.468062 0.0266667 0.0903084
25 0.6075 0.215859 0.0283333 0.101322
28 0.0891667 0.344714 0.025 0.0947137
37 0.605833 0.685022 0.0216667 0.0792952
39 0.310833 0.211454 0.0283333 0.110132
28 0.0233333 0.345815 0.03 0.0969163
