21 0.361667 0.212555 0.0566667 0.103524
21 0.488333 0.214758 0.06 0.0991189
22 0.435 0.810573 0.05 0.0792952
6 0.853333 0.689427 0.03 0.092511
15 0.218333 0.569383 0.0333333 0.0770925
10 0.985833 0.462555 0.0183333 0.0881057
43 0.0191667 0.705947 0.025 0.0814978
31 0.625 0.778634 0.03 0.0594714
24 0.696667 0.806167 0.0233333 0.0837004
26 0.729167 0.21696 0.025 0.103524
24 0.705833 0.462555 0.025 0.0837004
4 0.799167 0.671806 0.0616667 0.0837004
11 0.963333 0.464758 0.02 0.0881057
11 0.855833 0.344714 0.0416667 0.0859031
16 0.299167 0.696035 0.0283333 0.0837004
24 0.7925 0.568282 0.035 0.0837004
2 0.0491667 0.194934 0.0216667 0.134361
37 0.355 0.819383 0.05 0.0748899
40 0.669167 0.346916 0.0283333 0.0947137
34 0.531667 0.46696 0.0266667 0.0969163
32 0.7025 0.461454 0.025 0.0903084
4 0.76 0.6663 0.03 0.0726872
16 0.243333 0.699339 0.0333333 0.0814978
4 0.829167 0.214758 0.025 0.0991189
28 0.7525 0.569383 0.0216667 0.0859031
10 0.913333 0.462555 0.0233333 0.0881057
1 0.97 0.218062 0.02 0.0881057
25 0.705833 0.21696 0.025 0.103524
24 0.0158333 0.579295 0.0216667 0.0748899
13 0.411667 0.694934 0.0233333 0.0859031
33 0.106667 0.581498 0.0466667 0.0837004
18 0.255833 0.340308 0.025 0.10793
25 0.5225 0.215859 0.0583333 0.0969163
6 0.825 0.778634 0.0233333 0.0682819
24 0.7825 0.465859 0.0383333 0.0859031
25 0.554167 0.215859 0.0616667 0.0969163
33 0.126667 0.462555 0.0633333 0.0881057
2 0.129167 0.194934 0.025 0.147577
32 0.618333 0.461454 0.0233333 0.0903084
4 0.915 0.213656 0.0233333 0.110132
10 0.958333 0.570485 0.03 0.0837004
4 0.855833 0.214758 0.035 0.0859031
15 0.3575 0.570485 0.025 0.0792952
14 0.3575 0.569383 0.025 0.0726872
28 0.0158333 0.700441 0.025 0.0837004
33 0.0391667 0.573789 0.0183333 0.0770925
33 0.136667 0.582599 0.0533333 0.0770925
26 0.799167 0.218062 0.0316667 0.0969163
14 0.300833 0.571586 0.0283333 0.0859031
18 0.244167 0.459251 0.0583333 0.0947137
4 0.969167 0.220264 0.025 0.092511
4 0.951667 0.650881 0.02 0.0506608
26 0.745833 0.222467 0.055 0.101322
18 0.191667 0.342511 0.0266667 0.103524
32 0.645833 0.462555 0.025 0.0881057
25 0.590833 0.213656 0.0583333 0.0969163
37 0.614167 0.653084 0.0216667 0.0594714
28 0.166667 0.344714 0.04 0.0947137
26 0.705833 0.21696 0.025 0.0991189
28 0.0716667 0.702643 0.0266667 0.0792952
37 0.293333 0.800661 0.02 0.0682819
40 0.596667 0.34141 0.0266667 0.092511
20 0.0866667 0.814978 0.0233333 0.0704846
4 0.93 0.650881 0.02 0.0550661
14 0.331667 0.567181 0.0233333 0.0726872
39 0.336667 0.34141 0.0266667 0.0969163
15 0.263333 0.577093 0.0233333 0.0748899
22 0.335 0.34141 0.0266667 0.110132
27 0.120833 0.813877 0.025 0.0682819
6 0.899167 0.689427 0.0216667 0.0881057
27 0.0941667 0.817181 0.0216667 0.0660793
4 0.869167 0.214758 0.025 0.0947137
2 0.0241667 0.192731 0.0283333 0.147577
33 0.121667 0.581498 0.0266667 0.0792952
34 0.59 0.463656 0.0233333 0.0947137
24 0.694167 0.567181 0.0283333 0.0947137
24 0.524167 0.773128 0.0183333 0.0572687
14 0.333333 0.686123 0.02 0.0814978
13 0.438333 0.693833 0.0233333 0.0881057
15 0.441667 0.575991 0.0233333 0.0814978
6 0.86 0.797357 0.02 0.0881057
6 0.875 0.690529 0.0233333 0.0947137
4 0.8525 0.689427 0.0216667 0.0969163
25 0.506667 0.21696 0.0266667 0.103524
32 0.120833 0.581498 0.025 0.0837004
40 0.6375 0.345815 0.0283333 0.0969163
1 0.938333 0.215859 0.0233333 0.105727
24 0.500833 0.781938 0.0183333 0.0704846
31 0.498333 0.678414 0.0233333 0.0837004
6 0.8975 0.787445 0.0183333 0.0726872
15 0.303333 0.572687 0.03 0.0792952
22 0.45 0.813877 0.0266667 0.0859031
16 0.215 0.701542 0.0233333 0.0814978
43 0.0233333 0.803965 0.0233333 0.0704846
4 0.838333 0.213656 0.0233333 0.0969163
15 0.385833 0.572687 0.0216667 0.0792952
26 0.7575 0.219163 0.025 0.0991189
27 0.145 0.814978 0.0233333 0.0748899
11 0.814167 0.34141 0.0216667 0.0881057
25 0.539167 0.218062 0.025 0.101322
18 0.615 0.57489 0.0266667 0.0881057
32 0.150833 0.579295 0.025 0.0837004
31 0.55 0.67511 0.0233333 0.0814978
28 0.0458333 0.701542 0.025 0.0814978
21 0.470833 0.215859 0.025 0.0969163
31 0.579167 0.77533 0.0183333 0.0572687
6 0.918333 0.785242 0.02 0.0814978
18 0.386667 0.45815 0.0333333 0.101322
31 0.663333 0.79185 0.0233333 0.0859031
18 0.233333 0.463656 0.0266667 0.0991189
6 0.945833 0.786344 0.025 0.0837004
33 0.179167 0.462555 0.0216667 0.0881057
39 0.345 0.21696 0.0233333 0.0991189
33 0.151667 0.580396 0.0233333 0.0814978
33 0.0633333 0.579295 0.0233333 0.0837004
34 0.561667 0.46696 0.0266667 0.0969163
11 0.974167 0.343612 0.0316667 0.101322
31 0.468333 0.689427 0.0233333 0.0881057
31 0.524167 0.674009 0.025 0.0881057
4 0.771667 0.671806 0.0233333 0.0881057
4 0.745 0.660793 0.02 0.061674
11 0.84 0.344714 0.0266667 0.0903084
17 0.191667 0.337004 0.03 0.105727
27 0.173333 0.821586 0.0233333 0.0704846
27 0.263333 0.835903 0.0233333 0.0814978
15 0.470833 0.570485 0.025 0.0792952
6 0.9775 0.795154 0.0283333 0.0969163
22 0.471667 0.342511 0.0266667 0.0947137
15 0.411667 0.571586 0.0233333 0.0814978
25 0.671667 0.21696 0.03 0.0991189
31 0.603333 0.77533 0.02 0.0572687
32 0.675 0.463656 0.0266667 0.0859031
27 0.23 0.819383 0.0233333 0.0660793
37 0.513333 0.344714 0.03 0.0947137
25 0.57 0.218062 0.0266667 0.101322
31 0.635833 0.781938 0.0216667 0.0660793
18 0.473333 0.461454 0.0233333 0.0947137
33 0.725 0.812775 0.02 0.0837004
11 0.92 0.343612 0.0266667 0.0969163
11 0.895833 0.342511 0.0183333 0.0859031
18 0.579167 0.573789 0.0283333 0.0859031
28 0.0166667 0.579295 0.02 0.0704846
11 0.95 0.343612 0.0266667 0.0969163
33 0.698333 0.807269 0.0233333 0.0814978
24 0.741667 0.465859 0.0266667 0.0770925
33 0.0916667 0.580396 0.0233333 0.0814978
4 0.813333 0.676211 0.0233333 0.0881057
27 0.2 0.834802 0.0233333 0.0748899
37 0.340833 0.814978 0.025 0.0704846
18 0.5525 0.571586 0.0216667 0.0859031
18 0.260833 0.461454 0.0283333 0.103524
11 0.870833 0.345815 0.025 0.092511
28 0.0575 0.344714 0.025 0.0947137
22 0.38 0.342511 0.0266667 0.103524
24 0.754167 0.570485 0.025 0.0837004
33 0.150833 0.465859 0.025 0.0859031
18 0.204167 0.463656 0.0283333 0.0947137
33 0.106667 0.465859 0.0266667 0.0859031
18 0.414167 0.461454 0.025 0.103524
37 0.315833 0.802863 0.0216667 0.0682819
21 0.371667 0.214758 0.0266667 0.0991189
18 0.443333 0.45815 0.0266667 0.0969163
37 0.58 0.682819 0.0266667 0.0792952
22 0.440833 0.338106 0.025 0.0947137
17 0.255833 0.334802 0.025 0.105727
28 0.0208333 0.465859 0.0316667 0.0859031
28 0.0583333 0.465859 0.0266667 0.0859031
22 0.410833 0.338106 0.025 0.0991189
39 0.175833 0.210352 0.0283333 0.103524
21 0.406667 0.213656 0.0333333 0.101322
39 0.300833 0.213656 0.025 0.101322
28 0.0883333 0.344714 0.03 0.0947137
37 0.3675 0.813877 0.025 0.0770925
21 0.44 0.213656 0.03 0.101322
39 0.2075 0.211454 0.0283333 0.0969163
28 0.025 0.348018 0.03 0.0969163
25 0.639167 0.218062 0.0316667 0.105727
39 0.2425 0.213656 0.025 0.0969163
28 0.1325 0.349119 0.025 0.0947137
25 0.608333 0.218062 0.03 0.105727
