28 0.184167 0.339207 0.055 0.0969163
43 0.0175 0.814978 0.0316667 0.0660793
4 0.984167 0.560573 0.025 0.0903084
15 0.323333 0.579295 0.0266667 0.0837004
27 0.164167 0.814978 0.0483333 0.0704846
36 0.671667 0.571586 0.02 0.0814978
1 0.969167 0.203744 0.045 0.11674
31 0.484167 0.687225 0.0416667 0.0881057
18 0.356667 0.45815 0.0233333 0.101322
15 0.501667 0.570485 0.03 0.0837004
41 0.605 0.343612 0.03 0.0969163
18 0.503333 0.465859 0.0266667 0.0991189
18 0.300833 0.459251 0.0283333 0.0947137
5 0.895833 0.457048 0.025 0.103524
14 0.275 0.689427 0.0166667 0.0748899
4 0.835833 0.679515 0.045 0.11674
25 0.7075 0.218062 0.025 0.0969163
28 0.72 0.563877 0.0233333 0.0837004
14 0.415 0.682819 0.0233333 0.0837004
37 0.328333 0.809471 0.05 0.0682819
6 0.945 0.784141 0.02 0.0837004
18 0.533333 0.464758 0.0266667 0.0969163
6 0.966667 0.781938 0.02 0.0792952
27 0.22 0.813877 0.0466667 0.0726872
2 0.0475 0.188326 0.0183333 0.156388
22 0.369167 0.34141 0.0416667 0.0969163
17 0.215 0.34141 0.05 0.0969163
28 0.0575 0.69163 0.0216667 0.0748899
12 0.8275 0.45815 0.025 0.0969163
10 0.951667 0.561674 0.0233333 0.0881057
12 0.851667 0.786344 0.02 0.0837004
26 0.755 0.219163 0.06 0.0947137
32 0.62 0.577093 0.0233333 0.0881057
31 0.574167 0.683921 0.0383333 0.0814978
2 0.1175 0.190529 0.025 0.151982
39 0.3275 0.209251 0.0716667 0.105727
26 0.7075 0.21696 0.025 0.0947137
2 0.0708333 0.188326 0.0283333 0.143172
31 0.678333 0.773128 0.0166667 0.0660793
6 0.919167 0.785242 0.0183333 0.0903084
11 0.941667 0.337004 0.0466667 0.0969163
27 0.0925 0.818282 0.025 0.0726872
11 0.830833 0.785242 0.0183333 0.0859031
37 0.299167 0.814978 0.0483333 0.0748899
11 0.914167 0.342511 0.045 0.0991189
16 0.300833 0.697137 0.025 0.0814978
28 0.728333 0.571586 0.03 0.0770925
24 0.541667 0.797357 0.0433333 0.0748899
34 0.503333 0.465859 0.0233333 0.0991189
17 0.291667 0.339207 0.0233333 0.101322
31 0.498333 0.696035 0.0266667 0.092511
28 0.0116667 0.343612 0.0233333 0.0969163
37 0.543333 0.343612 0.0266667 0.0969163
27 0.241667 0.812775 0.0433333 0.0704846
16 0.2425 0.699339 0.025 0.0770925
14 0.300833 0.699339 0.025 0.0859031
4 0.800833 0.685022 0.0616667 0.101322
28 0.1025 0.340308 0.0616667 0.0947137
43 0.0316667 0.692731 0.0233333 0.0859031
27 0.120833 0.816079 0.025 0.0682819
17 0.236667 0.338106 0.0433333 0.0991189
6 0.9875 0.778634 0.0183333 0.0814978
34 0.5325 0.463656 0.0283333 0.0947137
21 0.345833 0.211454 0.0283333 0.105727
15 0.356667 0.571586 0.0266667 0.0726872
25 0.5075 0.21696 0.025 0.0991189
11 0.9675 0.679515 0.0183333 0.0947137
18 0.269167 0.460352 0.0283333 0.0969163
12 0.795833 0.797357 0.025 0.0969163
12 0.831667 0.784141 0.0166667 0.0881057
20 0.0908333 0.816079 0.0216667 0.0726872
18 0.389167 0.461454 0.0383333 0.0947137
25 0.578333 0.218062 0.0433333 0.092511
14 0.355833 0.572687 0.025 0.0792952
18 0.228333 0.338106 0.0266667 0.103524
28 0.760833 0.454846 0.0216667 0.0859031
11 0.8125 0.787445 0.0116667 0.0770925
15 0.295 0.581498 0.0266667 0.0837004
28 0.738333 0.463656 0.0266667 0.0903084
25 0.5375 0.21696 0.0216667 0.0991189
27 0.146667 0.814978 0.0266667 0.0748899
37 0.625 0.696035 0.0366667 0.0748899
13 0.389167 0.683921 0.025 0.0770925
40 0.67 0.344714 0.0266667 0.0991189
11 0.879167 0.34141 0.015 0.0969163
24 0.7925 0.45815 0.0216667 0.092511
18 0.199167 0.340308 0.025 0.103524
1 0.983333 0.209251 0.0233333 0.123348
14 0.296667 0.579295 0.0266667 0.0837004
15 0.259167 0.579295 0.0216667 0.0704846
13 0.445833 0.677313 0.0216667 0.0814978
2 0.0258333 0.186123 0.0283333 0.160793
24 0.503333 0.796256 0.0233333 0.0770925
17 0.329167 0.461454 0.025 0.0991189
11 0.986667 0.680617 0.02 0.105727
24 0.556667 0.794053 0.0233333 0.0726872
15 0.209167 0.581498 0.0216667 0.0792952
22 0.45 0.807269 0.0233333 0.0814978
34 0.590833 0.465859 0.0283333 0.0947137
24 0.76 0.454846 0.02 0.0814978
13 0.415 0.685022 0.0233333 0.0837004
11 0.955833 0.330396 0.025 0.0969163
25 0.565 0.221366 0.0266667 0.0947137
40 0.6375 0.344714 0.0283333 0.0991189
15 0.2375 0.581498 0.025 0.0704846
15 0.444167 0.575991 0.025 0.0814978
28 0.0783333 0.468062 0.0266667 0.0903084
18 0.558333 0.568282 0.02 0.0837004
25 0.671667 0.218062 0.0266667 0.092511
14 0.356667 0.694934 0.0233333 0.0814978
24 0.7375 0.462555 0.025 0.0837004
4 0.829167 0.214758 0.0216667 0.103524
17 0.261667 0.338106 0.0233333 0.0991189
4 0.881667 0.212555 0.02 0.112335
25 0.5925 0.218062 0.025 0.092511
18 0.235833 0.46696 0.0316667 0.0969163
33 0.7175 0.798458 0.0216667 0.0770925
32 0.653333 0.464758 0.0266667 0.092511
26 0.7375 0.21696 0.025 0.103524
24 0.53 0.792952 0.0233333 0.0792952
2 0.141667 0.186123 0.0266667 0.156388
18 0.530833 0.568282 0.025 0.0881057
14 0.33 0.698238 0.0233333 0.0837004
21 0.3775 0.213656 0.025 0.101322
31 0.586667 0.80837 0.0233333 0.0792952
32 0.6225 0.46696 0.025 0.092511
1 0.954167 0.205947 0.0283333 0.125551
33 0.0891667 0.580396 0.025 0.0814978
34 0.561667 0.463656 0.0233333 0.0991189
28 0.1075 0.468062 0.0283333 0.0947137
31 0.6375 0.787445 0.0183333 0.0726872
26 0.800833 0.21696 0.0283333 0.103524
32 0.6825 0.46696 0.025 0.0881057
31 0.613333 0.789648 0.02 0.0770925
27 0.175833 0.811674 0.0216667 0.0682819
11 0.9275 0.340308 0.0216667 0.103524
18 0.415 0.461454 0.0266667 0.103524
18 0.4725 0.460352 0.025 0.0969163
15 0.386667 0.573789 0.0233333 0.0814978
18 0.5025 0.568282 0.0216667 0.0881057
15 0.413333 0.571586 0.0233333 0.0814978
33 0.06 0.580396 0.0266667 0.0770925
27 0.204167 0.812775 0.025 0.0748899
4 0.856667 0.210352 0.0233333 0.11674
31 0.659167 0.777533 0.0183333 0.0660793
15 0.471667 0.578194 0.0266667 0.0814978
14 0.323333 0.580396 0.0233333 0.0814978
26 0.7725 0.21696 0.025 0.103524
18 0.205 0.465859 0.0266667 0.0947137
27 0.258333 0.811674 0.0233333 0.0726872
39 0.178333 0.211454 0.0266667 0.101322
33 0.1675 0.469163 0.0283333 0.092511
11 0.833333 0.340308 0.0233333 0.10793
11 0.86 0.338106 0.02 0.103524
37 0.288333 0.810573 0.0233333 0.0704846
28 0.766667 0.577093 0.02 0.0837004
37 0.514167 0.345815 0.025 0.0969163
39 0.346667 0.211454 0.03 0.105727
4 0.820833 0.683921 0.0283333 0.10793
18 0.443333 0.460352 0.0266667 0.0969163
37 0.343333 0.813877 0.0233333 0.0726872
37 0.61 0.694934 0.0266667 0.0814978
31 0.523333 0.681718 0.0233333 0.0814978
31 0.55 0.681718 0.0233333 0.0859031
39 0.305833 0.211454 0.0316667 0.114537
25 0.641667 0.21696 0.0266667 0.0991189
28 0.165 0.342511 0.0233333 0.0991189
37 0.314167 0.813877 0.025 0.0770925
22 0.4425 0.337004 0.025 0.0969163
28 0.0191667 0.471366 0.0283333 0.0881057
37 0.37 0.812775 0.0233333 0.0792952
28 0.0475 0.465859 0.0283333 0.0947137
11 0.898333 0.342511 0.0233333 0.10793
37 0.635833 0.700441 0.025 0.0881057
21 0.441667 0.212555 0.0333333 0.103524
4 0.780833 0.682819 0.025 0.101322
28 0.055 0.343612 0.0266667 0.0969163
37 0.580833 0.685022 0.0216667 0.0792952
33 0.1375 0.469163 0.025 0.092511
21 0.473333 0.215859 0.0266667 0.0969163
22 0.410833 0.340308 0.025 0.0991189
39 0.2075 0.213656 0.0283333 0.0969163
39 0.2425 0.212555 0.0283333 0.0991189
28 0.0241667 0.344714 0.0283333 0.0991189
28 0.120833 0.342511 0.025 0.0991189
28 0.09 0.343612 0.0266667 0.0969163
21 0.4075 0.214758 0.0283333 0.0991189
