27 0.1625 0.818282 0.045 0.0726872
6 0.97 0.797357 0.04 0.0837004
6 0.925833 0.687225 0.0216667 0.092511
37 0.328333 0.812775 0.0533333 0.0704846
22 0.4775 0.796256 0.025 0.0814978
4 0.7975 0.57489 0.0216667 0.0837004
32 0.643333 0.577093 0.0233333 0.0837004
33 0.7125 0.810573 0.045 0.0704846
17 0.2925 0.463656 0.025 0.0991189
31 0.5875 0.777533 0.045 0.061674
37 0.299167 0.814978 0.0483333 0.0748899
10 0.963333 0.464758 0.02 0.092511
14 0.300833 0.699339 0.025 0.0814978
24 0.775 0.468062 0.0266667 0.0859031
5 0.944167 0.463656 0.0183333 0.0947137
37 0.5425 0.344714 0.0283333 0.0947137
24 0.730833 0.572687 0.0283333 0.0837004
24 0.796667 0.572687 0.0233333 0.0792952
33 0.1075 0.46696 0.0283333 0.092511
4 0.815833 0.687225 0.0416667 0.0837004
10 0.985 0.465859 0.02 0.0903084
27 0.0958333 0.817181 0.0216667 0.0704846
4 0.905833 0.213656 0.025 0.105727
2 0.0525 0.193833 0.0216667 0.132159
33 0.015 0.814978 0.0266667 0.0748899
14 0.269167 0.698238 0.025 0.0792952
20 0.0833333 0.812775 0.0266667 0.0704846
13 0.413333 0.694934 0.0233333 0.0859031
15 0.210833 0.578194 0.0216667 0.0814978
11 0.853333 0.343612 0.0433333 0.0881057
26 0.755833 0.219163 0.0583333 0.0947137
40 0.669167 0.346916 0.0283333 0.0947137
10 0.96 0.571586 0.0333333 0.0814978
4 0.821667 0.573789 0.02 0.0770925
6 0.853333 0.689427 0.0233333 0.0837004
1 0.943333 0.210352 0.0433333 0.112335
33 0.771667 0.799559 0.02 0.0881057
34 0.504167 0.468062 0.025 0.0947137
28 0.731667 0.57489 0.03 0.0748899
14 0.296667 0.580396 0.03 0.0859031
22 0.45 0.812775 0.0266667 0.0837004
27 0.12 0.813877 0.0233333 0.0726872
33 0.0516667 0.799559 0.02 0.0704846
16 0.215 0.702643 0.0233333 0.0881057
4 0.841667 0.687225 0.0366667 0.0792952
34 0.533333 0.471366 0.0266667 0.0969163
12 0.825 0.463656 0.02 0.0947137
31 0.500833 0.696035 0.025 0.0881057
22 0.3775 0.343612 0.0283333 0.101322
28 0.0116667 0.344714 0.0233333 0.0947137
11 0.838333 0.344714 0.0366667 0.0991189
2 0.1175 0.192731 0.025 0.143172
1 0.970833 0.20815 0.0416667 0.103524
4 0.770833 0.674009 0.0383333 0.0748899
24 0.525 0.773128 0.02 0.0528634
6 0.983333 0.797357 0.0233333 0.0837004
1 0.985 0.213656 0.0233333 0.105727
15 0.263333 0.578194 0.0233333 0.0726872
40 0.5975 0.34141 0.025 0.092511
15 0.383333 0.578194 0.0233333 0.0770925
32 0.714167 0.470264 0.0283333 0.0859031
27 0.145833 0.817181 0.025 0.0748899
34 0.5625 0.470264 0.025 0.0991189
18 0.3225 0.462555 0.0283333 0.101322
15 0.321667 0.579295 0.0266667 0.0792952
6 0.875833 0.690529 0.0216667 0.0903084
6 0.884167 0.79185 0.0216667 0.0859031
18 0.3825 0.463656 0.0283333 0.0991189
18 0.2925 0.463656 0.0283333 0.0991189
31 0.473333 0.694934 0.0333333 0.0903084
18 0.233333 0.464758 0.0266667 0.0969163
31 0.643333 0.810573 0.0233333 0.0704846
40 0.638333 0.344714 0.03 0.0947137
28 0.0166667 0.702643 0.0266667 0.0792952
11 0.925833 0.344714 0.0283333 0.0903084
28 0.0716667 0.469163 0.0433333 0.0881057
15 0.354167 0.572687 0.0216667 0.0792952
2 0.025 0.190529 0.0266667 0.138767
28 0.0741667 0.702643 0.025 0.0748899
32 0.590833 0.468062 0.025 0.0947137
14 0.359167 0.685022 0.0216667 0.0837004
24 0.0283333 0.580396 0.0266667 0.0770925
26 0.705 0.21696 0.0266667 0.0947137
18 0.194167 0.340308 0.035 0.103524
2 0.143333 0.190529 0.0233333 0.138767
28 0.764167 0.579295 0.025 0.0837004
28 0.108333 0.468062 0.03 0.0947137
27 0.2275 0.822687 0.0216667 0.0682819
15 0.294167 0.579295 0.0283333 0.0792952
14 0.324167 0.580396 0.025 0.0859031
24 0.764167 0.577093 0.025 0.0881057
6 0.898333 0.690529 0.02 0.0903084
14 0.3325 0.683921 0.0216667 0.0814978
15 0.239167 0.579295 0.025 0.0704846
6 0.910833 0.797357 0.0216667 0.092511
4 0.800833 0.687225 0.0283333 0.0881057
25 0.540833 0.214758 0.0316667 0.10793
6 0.935 0.797357 0.02 0.0881057
4 0.98 0.677313 0.03 0.0903084
18 0.2625 0.463656 0.0283333 0.0991189
25 0.576667 0.213656 0.03 0.105727
28 0.0075 0.579295 0.015 0.0792952
26 0.800833 0.21696 0.0283333 0.0991189
33 0.0616667 0.580396 0.0233333 0.0814978
18 0.350833 0.463656 0.0283333 0.0991189
32 0.621667 0.46696 0.0266667 0.0881057
27 0.173333 0.823789 0.02 0.0704846
15 0.410833 0.578194 0.025 0.0770925
17 0.218333 0.337004 0.0333333 0.105727
31 0.58 0.77533 0.02 0.0528634
22 0.473333 0.343612 0.0266667 0.0969163
11 0.898333 0.343612 0.0233333 0.0881057
4 0.745 0.661894 0.0233333 0.0594714
13 0.441667 0.693833 0.0233333 0.0837004
28 0.0458333 0.703744 0.025 0.0726872
15 0.443333 0.573789 0.0233333 0.0770925
17 0.1925 0.339207 0.0283333 0.105727
32 0.651667 0.468062 0.0233333 0.0903084
4 0.83 0.213656 0.0233333 0.101322
4 0.880833 0.214758 0.0216667 0.103524
33 0.170833 0.465859 0.0283333 0.0903084
31 0.605833 0.776432 0.025 0.0550661
18 0.413333 0.463656 0.0266667 0.0991189
21 0.47 0.215859 0.0266667 0.101322
4 0.83 0.689427 0.02 0.0837004
24 0.744167 0.469163 0.025 0.0792952
26 0.7375 0.215859 0.0283333 0.105727
11 0.871667 0.343612 0.0266667 0.092511
31 0.525833 0.697137 0.025 0.0814978
15 0.471667 0.572687 0.0233333 0.0748899
11 0.9525 0.344714 0.025 0.0947137
37 0.5125 0.344714 0.0283333 0.0947137
33 0.725833 0.813877 0.0216667 0.0770925
31 0.669167 0.80837 0.025 0.0748899
18 0.255 0.338106 0.03 0.112335
18 0.474167 0.461454 0.025 0.0991189
25 0.506667 0.215859 0.03 0.101322
11 0.818333 0.342511 0.0233333 0.0991189
26 0.7725 0.21696 0.025 0.0991189
32 0.680833 0.470264 0.0283333 0.0859031
18 0.4425 0.461454 0.0283333 0.0947137
4 0.855 0.213656 0.0266667 0.101322
28 0.0266667 0.580396 0.0266667 0.0770925
27 0.25 0.838106 0.0233333 0.0682819
37 0.286667 0.811674 0.0233333 0.0726872
33 0.699167 0.810573 0.025 0.0792952
21 0.3725 0.213656 0.025 0.105727
33 0.0908333 0.581498 0.025 0.0792952
37 0.3425 0.816079 0.025 0.0726872
17 0.2525 0.335903 0.0283333 0.10793
27 0.1975 0.835903 0.0216667 0.0726872
11 0.976667 0.342511 0.0266667 0.0947137
37 0.314167 0.816079 0.025 0.0726872
18 0.221667 0.339207 0.0266667 0.114537
18 0.204167 0.465859 0.0283333 0.0947137
31 0.554167 0.700441 0.025 0.0837004
28 0.0591667 0.344714 0.0283333 0.0947137
24 0.503333 0.809471 0.0233333 0.0903084
37 0.369167 0.816079 0.025 0.0770925
22 0.441667 0.34141 0.0266667 0.0969163
33 0.121667 0.582599 0.0233333 0.0770925
25 0.6725 0.218062 0.0316667 0.101322
28 0.0466667 0.465859 0.03 0.0947137
28 0.0191667 0.472467 0.0283333 0.0903084
4 0.778333 0.687225 0.0233333 0.0881057
39 0.305 0.213656 0.0266667 0.0969163
39 0.176667 0.210352 0.0266667 0.103524
37 0.581667 0.697137 0.0233333 0.0859031
22 0.41 0.343612 0.0266667 0.101322
37 0.638333 0.694934 0.0233333 0.0814978
37 0.6125 0.697137 0.025 0.0859031
39 0.24 0.212555 0.0233333 0.0991189
39 0.340833 0.210352 0.0316667 0.103524
39 0.2075 0.212555 0.0283333 0.0991189
25 0.608333 0.21696 0.03 0.10793
28 0.0266667 0.348018 0.0266667 0.092511
28 0.0941667 0.346916 0.0283333 0.0903084
21 0.440833 0.212555 0.0283333 0.103524
21 0.4075 0.214758 0.0316667 0.103524
33 0.139167 0.468062 0.0283333 0.0903084
25 0.641667 0.218062 0.03 0.105727
