37 0.5725 0.344714 0.0283333 0.0947137
4 0.901667 0.215859 0.02 0.092511
25 0.708333 0.21696 0.0233333 0.0991189
18 0.355 0.45815 0.0233333 0.101322
12 0.8 0.459251 0.02 0.0947137
14 0.2725 0.687225 0.0183333 0.0792952
4 0.821667 0.566079 0.02 0.092511
32 0.664167 0.465859 0.0483333 0.0814978
12 0.8225 0.797357 0.0216667 0.092511
40 0.669167 0.346916 0.0316667 0.0991189
20 0.120833 0.816079 0.025 0.0770925
28 0.1675 0.344714 0.0183333 0.0947137
25 0.5225 0.218062 0.0483333 0.092511
27 0.154167 0.803965 0.0183333 0.0704846
37 0.2575 0.814978 0.0216667 0.0748899
33 0.164167 0.462555 0.0516667 0.0881057
18 0.3925 0.463656 0.045 0.0947137
14 0.300833 0.699339 0.025 0.0859031
43 0.0116667 0.817181 0.02 0.0704846
16 0.219167 0.698238 0.0283333 0.0792952
24 0.741667 0.450441 0.0333333 0.0770925
26 0.751667 0.221366 0.05 0.0947137
17 0.213333 0.34141 0.05 0.101322
22 0.379167 0.34141 0.0283333 0.101322
36 0.643333 0.569383 0.02 0.0814978
1 0.971667 0.209251 0.03 0.101322
40 0.605833 0.344714 0.0283333 0.0947137
37 0.333333 0.803965 0.04 0.0704846
21 0.345833 0.213656 0.0316667 0.105727
34 0.588333 0.469163 0.0266667 0.0969163
31 0.595833 0.807269 0.0383333 0.0726872
4 0.8375 0.213656 0.0383333 0.110132
11 0.913333 0.342511 0.04 0.0991189
25 0.661667 0.21696 0.0233333 0.0991189
43 0.0658333 0.813877 0.025 0.0682819
11 0.863333 0.340308 0.0166667 0.103524
18 0.3 0.459251 0.0266667 0.0991189
2 0.0566667 0.182819 0.0266667 0.140969
18 0.2275 0.338106 0.0283333 0.10793
4 0.803333 0.67511 0.0366667 0.0814978
14 0.356667 0.685022 0.0233333 0.0837004
34 0.526667 0.45815 0.0266667 0.0881057
11 0.958333 0.335903 0.0233333 0.0814978
27 0.0925 0.818282 0.025 0.0682819
22 0.449167 0.80837 0.025 0.0792952
33 0.120833 0.573789 0.0283333 0.0814978
37 0.620833 0.687225 0.0383333 0.0704846
37 0.543333 0.343612 0.0266667 0.092511
14 0.355833 0.570485 0.025 0.0792952
28 0.0575 0.692731 0.0216667 0.0770925
18 0.56 0.469163 0.0233333 0.101322
33 0.723333 0.803965 0.02 0.0748899
8 0.850833 0.685022 0.0216667 0.101322
27 0.235833 0.795154 0.0183333 0.0704846
32 0.616667 0.459251 0.0233333 0.0859031
33 0.1525 0.577093 0.025 0.0881057
15 0.3225 0.581498 0.0283333 0.0837004
5 0.894167 0.459251 0.025 0.103524
15 0.355 0.570485 0.0266667 0.0837004
15 0.26 0.578194 0.0233333 0.0726872
43 0.0316667 0.694934 0.0233333 0.0814978
6 0.94 0.781938 0.02 0.0881057
13 0.411667 0.694934 0.0233333 0.0814978
27 0.119167 0.817181 0.025 0.0660793
2 0.0975 0.189427 0.0283333 0.140969
13 0.439167 0.698238 0.025 0.0881057
25 0.5075 0.219163 0.0283333 0.0991189
18 0.1975 0.339207 0.025 0.105727
31 0.576667 0.670705 0.02 0.0638767
14 0.296667 0.579295 0.0266667 0.0837004
5 0.87 0.45815 0.02 0.105727
17 0.259167 0.338106 0.025 0.103524
17 0.329167 0.460352 0.025 0.0969163
13 0.465833 0.671806 0.0216667 0.0704846
18 0.2675 0.459251 0.0283333 0.0991189
15 0.461667 0.559471 0.0333333 0.0792952
25 0.536667 0.219163 0.02 0.0991189
1 0.985833 0.212555 0.0183333 0.103524
11 0.985833 0.337004 0.0216667 0.0881057
20 0.09 0.816079 0.0233333 0.0770925
21 0.474167 0.21696 0.025 0.0947137
15 0.293333 0.582599 0.0266667 0.0770925
15 0.4225 0.571586 0.0183333 0.0726872
15 0.205833 0.579295 0.025 0.0837004
40 0.6375 0.344714 0.0283333 0.0991189
11 0.841667 0.34141 0.0266667 0.105727
6 0.896667 0.785242 0.02 0.0859031
6 0.990833 0.790749 0.015 0.092511
1 0.938333 0.20815 0.0233333 0.11674
14 0.333333 0.687225 0.02 0.0837004
6 0.919167 0.781938 0.0183333 0.0881057
2 0.0233333 0.183921 0.0266667 0.151982
4 0.851667 0.682819 0.0233333 0.110132
24 0.0258333 0.5837 0.0216667 0.0704846
28 0.1475 0.338106 0.0183333 0.0903084
28 0.0241667 0.581498 0.025 0.0748899
15 0.236667 0.579295 0.0266667 0.0748899
11 0.925833 0.342511 0.0216667 0.0991189
34 0.560833 0.468062 0.0283333 0.0947137
11 0.8175 0.340308 0.0216667 0.103524
4 0.981667 0.665198 0.02 0.0792952
28 0.0708333 0.469163 0.0383333 0.0881057
33 0.0766667 0.463656 0.0266667 0.0859031
15 0.399167 0.580396 0.025 0.0770925
31 0.615 0.810573 0.0266667 0.0792952
4 0.976667 0.560573 0.0333333 0.0859031
6 0.964167 0.774229 0.0216667 0.0770925
25 0.636667 0.21696 0.0266667 0.0947137
27 0.1775 0.812775 0.0216667 0.0704846
26 0.770833 0.221366 0.025 0.0991189
21 0.444167 0.21696 0.0216667 0.0947137
39 0.274167 0.214758 0.0216667 0.0991189
25 0.591667 0.219163 0.0233333 0.0947137
18 0.235 0.464758 0.0333333 0.101322
24 0.503333 0.811674 0.0233333 0.0814978
31 0.585 0.802863 0.0233333 0.0726872
37 0.576667 0.669604 0.0233333 0.0660793
4 0.825833 0.213656 0.025 0.105727
14 0.323333 0.581498 0.0266667 0.0837004
4 0.879167 0.213656 0.0216667 0.101322
28 0.733333 0.578194 0.02 0.0859031
4 0.854167 0.211454 0.025 0.110132
31 0.5 0.699339 0.0233333 0.0814978
32 0.648333 0.465859 0.0266667 0.0859031
18 0.205 0.464758 0.0266667 0.0969163
32 0.153333 0.577093 0.0233333 0.0837004
25 0.564167 0.221366 0.025 0.0947137
4 0.791667 0.672907 0.0166667 0.0947137
24 0.751667 0.453745 0.0233333 0.0792952
24 0.5275 0.789648 0.0216667 0.0770925
18 0.413333 0.463656 0.0266667 0.0991189
15 0.471667 0.563877 0.0233333 0.0792952
33 0.0841667 0.567181 0.0283333 0.0726872
33 0.18 0.462555 0.0233333 0.092511
26 0.791667 0.21696 0.0233333 0.103524
28 0.760833 0.578194 0.025 0.0859031
27 0.2025 0.814978 0.025 0.0704846
27 0.256667 0.813877 0.0233333 0.0770925
31 0.668333 0.809471 0.0233333 0.0726872
26 0.736667 0.219163 0.0266667 0.10793
31 0.6425 0.810573 0.0216667 0.0792952
33 0.6975 0.810573 0.0216667 0.0792952
37 0.513333 0.346916 0.0266667 0.0903084
22 0.446667 0.334802 0.0233333 0.092511
15 0.444167 0.571586 0.0216667 0.0770925
18 0.471667 0.460352 0.0266667 0.101322
39 0.3425 0.213656 0.0283333 0.105727
28 0.07 0.34141 0.0266667 0.092511
21 0.374167 0.214758 0.0283333 0.103524
31 0.551667 0.697137 0.0233333 0.0814978
11 0.896667 0.343612 0.0233333 0.105727
31 0.525833 0.699339 0.025 0.0770925
32 0.121667 0.579295 0.0266667 0.0837004
32 0.6775 0.464758 0.0216667 0.0837004
39 0.1775 0.211454 0.0283333 0.101322
37 0.605833 0.687225 0.0216667 0.0748899
37 0.315833 0.801762 0.0216667 0.0660793
4 0.774167 0.683921 0.025 0.0903084
37 0.6325 0.689427 0.0216667 0.0748899
4 0.815 0.67511 0.0233333 0.0947137
18 0.441667 0.459251 0.0266667 0.0991189
37 0.368333 0.813877 0.0233333 0.0770925
37 0.3425 0.814978 0.025 0.0704846
28 0.0175 0.470264 0.025 0.0903084
33 0.149167 0.463656 0.025 0.0903084
39 0.3125 0.211454 0.0283333 0.105727
21 0.4075 0.215859 0.035 0.0969163
22 0.411667 0.342511 0.0266667 0.0991189
39 0.206667 0.213656 0.03 0.0969163
28 0.0466667 0.46696 0.03 0.0969163
39 0.241667 0.213656 0.0266667 0.0969163
28 0.0241667 0.349119 0.0283333 0.0947137
28 0.1 0.345815 0.0266667 0.0969163
