15 0.329167 0.571586 0.025 0.0814978
10 0.970833 0.564978 0.0216667 0.0903084
37 0.525 0.343612 0.05 0.092511
8 0.923333 0.686123 0.0233333 0.0991189
2 0.055 0.190529 0.0266667 0.134361
28 0.03 0.55837 0.0433333 0.0594714
18 0.366667 0.460352 0.06 0.101322
32 0.563333 0.580396 0.0266667 0.0859031
13 0.411667 0.697137 0.0233333 0.0859031
1 0.993333 0.219163 0.0133333 0.10793
33 0.0975 0.573789 0.0183333 0.0770925
43 0.0125 0.817181 0.0216667 0.0704846
14 0.368333 0.668502 0.0233333 0.0814978
37 0.5725 0.344714 0.0283333 0.0991189
28 0.0516667 0.569383 0.0333333 0.0726872
34 0.518333 0.463656 0.0566667 0.0903084
39 0.290833 0.212555 0.0583333 0.103524
22 0.451667 0.813877 0.0266667 0.0814978
25 0.706667 0.215859 0.0266667 0.101322
2 0.03 0.19163 0.0266667 0.140969
37 0.354167 0.818282 0.0483333 0.0770925
33 0.184167 0.569383 0.0283333 0.0814978
24 0.0716667 0.572687 0.0233333 0.0837004
18 0.495833 0.465859 0.0416667 0.0991189
41 0.605 0.342511 0.03 0.0947137
33 0.500833 0.569383 0.0216667 0.0859031
17 0.315 0.340308 0.0233333 0.0991189
26 0.755 0.218062 0.0533333 0.0969163
43 0.0641667 0.817181 0.0216667 0.0704846
5 0.938333 0.455947 0.0233333 0.101322
8 0.9025 0.685022 0.0383333 0.101322
27 0.241667 0.816079 0.0466667 0.0682819
2 0.0116667 0.190529 0.02 0.147577
24 0.763333 0.579295 0.0233333 0.0837004
37 0.5425 0.34141 0.0283333 0.0969163
40 0.668333 0.339207 0.0266667 0.0969163
28 0.0733333 0.573789 0.0233333 0.0814978
33 0.531667 0.577093 0.0266667 0.092511
2 0.116667 0.190529 0.0266667 0.143172
8 0.859167 0.685022 0.0383333 0.101322
11 0.87 0.331498 0.02 0.0859031
27 0.0916667 0.819383 0.0233333 0.0704846
27 0.2225 0.816079 0.0383333 0.0682819
28 0.0575 0.348018 0.055 0.0881057
11 0.800833 0.457048 0.0216667 0.103524
24 0.7425 0.46696 0.025 0.0881057
15 0.3575 0.569383 0.025 0.0814978
13 0.389167 0.668502 0.0183333 0.0726872
32 0.709167 0.460352 0.025 0.092511
2 0.0858333 0.193833 0.025 0.136564
27 0.151667 0.810573 0.0233333 0.0660793
31 0.575833 0.6663 0.0216667 0.0726872
33 0.116667 0.581498 0.0333333 0.0792952
34 0.503333 0.465859 0.0233333 0.0991189
28 0.0416667 0.557269 0.0233333 0.0660793
14 0.33 0.572687 0.0233333 0.0792952
24 0.736667 0.579295 0.0233333 0.0837004
31 0.466667 0.694934 0.0233333 0.0859031
14 0.301667 0.571586 0.0233333 0.0770925
16 0.249167 0.692731 0.0216667 0.0770925
22 0.381667 0.339207 0.0266667 0.0969163
11 0.99 0.335903 0.0166667 0.103524
1 0.928333 0.214758 0.0233333 0.103524
24 0.53 0.811674 0.0266667 0.0814978
14 0.300833 0.698238 0.025 0.0837004
14 0.274167 0.689427 0.0183333 0.0748899
12 0.7925 0.797357 0.0216667 0.092511
27 0.119167 0.819383 0.025 0.0660793
28 0.01 0.342511 0.02 0.0903084
12 0.799167 0.45815 0.0216667 0.101322
31 0.669167 0.811674 0.0283333 0.0814978
31 0.498333 0.698238 0.0266667 0.0881057
28 0.015 0.704846 0.0266667 0.0792952
28 0.11 0.334802 0.0233333 0.0881057
34 0.531667 0.468062 0.0266667 0.0991189
4 0.8625 0.210352 0.0283333 0.112335
12 0.840833 0.795154 0.025 0.0969163
13 0.438333 0.697137 0.0233333 0.0814978
17 0.2725 0.337004 0.025 0.0969163
33 0.723333 0.814978 0.0266667 0.0704846
12 0.823333 0.45815 0.0233333 0.105727
15 0.414167 0.569383 0.0216667 0.0770925
28 0.105833 0.46696 0.0283333 0.0969163
26 0.704167 0.218062 0.025 0.092511
22 0.471667 0.343612 0.0266667 0.092511
14 0.329167 0.699339 0.025 0.0859031
20 0.09 0.818282 0.0233333 0.0682819
40 0.636667 0.343612 0.0266667 0.0969163
24 0.505 0.809471 0.0233333 0.0814978
1 0.9 0.209251 0.0266667 0.114537
12 0.864167 0.795154 0.0216667 0.0969163
4 0.760833 0.655286 0.0216667 0.0682819
15 0.473333 0.55837 0.0233333 0.0770925
4 0.795 0.65859 0.02 0.0792952
33 0.106667 0.470264 0.03 0.0947137
15 0.386667 0.571586 0.0233333 0.0770925
32 0.62 0.46696 0.0266667 0.0969163
25 0.57 0.214758 0.0233333 0.0903084
18 0.204167 0.46696 0.0283333 0.0969163
18 0.196667 0.34141 0.0266667 0.110132
26 0.798333 0.215859 0.0266667 0.110132
32 0.12 0.582599 0.0233333 0.0770925
21 0.379167 0.213656 0.025 0.105727
31 0.523333 0.682819 0.0233333 0.0837004
34 0.59 0.46696 0.0233333 0.0969163
31 0.548333 0.683921 0.0233333 0.0814978
4 0.8275 0.212555 0.0216667 0.10793
32 0.146667 0.581498 0.0266667 0.0837004
32 0.65 0.468062 0.0266667 0.0947137
33 0.699167 0.812775 0.0216667 0.0792952
17 0.246667 0.334802 0.0233333 0.0969163
15 0.444167 0.559471 0.0216667 0.0837004
18 0.413333 0.461454 0.0233333 0.0991189
28 0.0733333 0.703744 0.0233333 0.0770925
18 0.381667 0.460352 0.0266667 0.101322
26 0.770833 0.219163 0.025 0.10793
37 0.51 0.342511 0.0266667 0.103524
26 0.7375 0.215859 0.025 0.105727
32 0.1825 0.57489 0.025 0.0837004
28 0.0158333 0.55837 0.0216667 0.0638767
27 0.178333 0.816079 0.0266667 0.0682819
18 0.471667 0.463656 0.0266667 0.0991189
24 0.5575 0.801762 0.0216667 0.0792952
18 0.265 0.465859 0.0266667 0.0947137
18 0.441667 0.461454 0.0266667 0.0991189
28 0.0458333 0.707048 0.025 0.0748899
31 0.638333 0.799559 0.02 0.0704846
31 0.5875 0.810573 0.025 0.0837004
31 0.614167 0.810573 0.0216667 0.0792952
1 0.97 0.211454 0.0233333 0.105727
34 0.5625 0.468062 0.025 0.0991189
25 0.670833 0.218062 0.0283333 0.0969163
37 0.2875 0.812775 0.0216667 0.0704846
27 0.256667 0.812775 0.0233333 0.0704846
37 0.6325 0.682819 0.0216667 0.0837004
39 0.309167 0.212555 0.0283333 0.10793
37 0.596667 0.6663 0.0233333 0.0682819
32 0.68 0.465859 0.0266667 0.0947137
21 0.471667 0.215859 0.0266667 0.0969163
27 0.2025 0.814978 0.025 0.0704846
22 0.439167 0.340308 0.025 0.0947137
17 0.1975 0.335903 0.0283333 0.10793
25 0.605833 0.218062 0.0283333 0.101322
33 0.170833 0.46696 0.0283333 0.0969163
39 0.338333 0.211454 0.0266667 0.105727
28 0.0183333 0.471366 0.0266667 0.0881057
18 0.351667 0.462555 0.0266667 0.105727
37 0.34 0.816079 0.0233333 0.0770925
39 0.208333 0.215859 0.0266667 0.092511
39 0.1775 0.211454 0.025 0.101322
37 0.3125 0.814978 0.025 0.0748899
22 0.410833 0.338106 0.025 0.0991189
11 0.965833 0.339207 0.0283333 0.105727
25 0.64 0.218062 0.03 0.101322
28 0.0758333 0.468062 0.025 0.0947137
39 0.241667 0.212555 0.0266667 0.10793
28 0.0741667 0.345815 0.025 0.0881057
37 0.368333 0.813877 0.0266667 0.0770925
28 0.0416667 0.343612 0.0266667 0.092511
11 0.93 0.34141 0.0233333 0.105727
33 0.1375 0.468062 0.0283333 0.0947137
21 0.44 0.213656 0.0333333 0.101322
11 0.800833 0.340308 0.025 0.103524
11 0.830833 0.342511 0.0283333 0.0991189
28 0.0458333 0.468062 0.0283333 0.0947137
39 0.275 0.212555 0.0266667 0.10793
21 0.4075 0.215859 0.0283333 0.101322
