17 0.2125 0.342511 0.0483333 0.0991189
22 0.360833 0.340308 0.0583333 0.0991189
36 0.669167 0.572687 0.025 0.0792952
32 0.664167 0.463656 0.0516667 0.0859031
12 0.8975 0.784141 0.0183333 0.0837004
37 0.5725 0.344714 0.0283333 0.0947137
1 0.985833 0.211454 0.0183333 0.101322
14 0.299167 0.699339 0.025 0.0859031
25 0.5775 0.215859 0.045 0.092511
28 0.191667 0.338106 0.0366667 0.0947137
18 0.355833 0.457048 0.0216667 0.0991189
4 0.821667 0.564978 0.0233333 0.0947137
22 0.440833 0.334802 0.0316667 0.0881057
18 0.299167 0.459251 0.025 0.0991189
18 0.1975 0.340308 0.025 0.103524
16 0.219167 0.698238 0.0283333 0.0792952
12 0.8325 0.794053 0.035 0.0903084
37 0.584167 0.67511 0.0216667 0.0638767
11 0.861667 0.340308 0.0166667 0.103524
28 0.74 0.464758 0.03 0.0881057
12 0.868333 0.790749 0.0233333 0.092511
33 0.724167 0.802863 0.0183333 0.0770925
22 0.3175 0.338106 0.035 0.103524
25 0.521667 0.21696 0.05 0.0947137
24 0.696667 0.572687 0.0233333 0.0837004
15 0.4525 0.568282 0.0483333 0.0792952
26 0.7075 0.21696 0.025 0.0947137
33 0.163333 0.462555 0.05 0.0881057
18 0.391667 0.462555 0.0433333 0.0969163
28 0.0591667 0.692731 0.0216667 0.0726872
31 0.438333 0.697137 0.0233333 0.0903084
36 0.6425 0.569383 0.0216667 0.0814978
14 0.356667 0.686123 0.0233333 0.0859031
18 0.560833 0.46696 0.0283333 0.101322
40 0.605833 0.344714 0.0283333 0.0947137
11 0.910833 0.34141 0.0416667 0.101322
27 0.235833 0.796256 0.0183333 0.0726872
14 0.355 0.570485 0.0266667 0.0792952
22 0.379167 0.343612 0.0283333 0.101322
17 0.329167 0.460352 0.025 0.0969163
26 0.778333 0.218062 0.04 0.0969163
2 0.0558333 0.182819 0.0283333 0.140969
33 0.120833 0.573789 0.0283333 0.0814978
2 0.095 0.186123 0.0266667 0.138767
27 0.119167 0.816079 0.025 0.0682819
13 0.411667 0.694934 0.0233333 0.0814978
37 0.543333 0.343612 0.0266667 0.092511
21 0.345 0.212555 0.03 0.10793
24 0.759167 0.455947 0.0216667 0.0881057
27 0.0916667 0.816079 0.0233333 0.0726872
13 0.439167 0.698238 0.025 0.0881057
4 0.851667 0.682819 0.0266667 0.114537
24 0.733333 0.577093 0.02 0.0837004
15 0.354167 0.569383 0.0283333 0.0814978
28 0.166667 0.345815 0.02 0.092511
15 0.3225 0.580396 0.0283333 0.0859031
17 0.259167 0.338106 0.025 0.103524
33 0.1525 0.577093 0.025 0.0881057
15 0.259167 0.577093 0.0216667 0.0748899
13 0.465833 0.672907 0.0216667 0.0726872
8 0.85 0.681718 0.0233333 0.103524
43 0.0316667 0.693833 0.0233333 0.0792952
14 0.293333 0.581498 0.0266667 0.0837004
12 0.798333 0.45815 0.02 0.101322
4 0.819167 0.219163 0.0216667 0.0991189
22 0.449167 0.807269 0.025 0.0814978
24 0.701667 0.457048 0.02 0.0814978
37 0.621667 0.692731 0.0333333 0.0726872
27 0.146667 0.813877 0.0266667 0.0726872
20 0.09 0.816079 0.0233333 0.0770925
34 0.589167 0.46696 0.025 0.092511
34 0.5275 0.455947 0.025 0.0881057
5 0.894167 0.45815 0.025 0.105727
25 0.5075 0.218062 0.0283333 0.101322
28 0.733333 0.578194 0.02 0.0859031
12 0.8225 0.792952 0.0183333 0.0969163
15 0.205833 0.579295 0.025 0.0837004
1 0.966667 0.205947 0.0233333 0.10793
15 0.421667 0.571586 0.02 0.0726872
25 0.5375 0.219163 0.0216667 0.103524
5 0.870833 0.455947 0.0216667 0.105727
40 0.6375 0.345815 0.0283333 0.0969163
2 0.0225 0.181718 0.025 0.143172
34 0.556667 0.468062 0.03 0.0947137
11 0.981667 0.339207 0.0233333 0.092511
15 0.293333 0.581498 0.0266667 0.0792952
26 0.765833 0.219163 0.025 0.0991189
24 0.739167 0.460352 0.0316667 0.0881057
6 0.981667 0.796256 0.0233333 0.0991189
18 0.2675 0.459251 0.0283333 0.0991189
11 0.958333 0.335903 0.0233333 0.0859031
28 0.760833 0.578194 0.025 0.0859031
4 0.981667 0.665198 0.02 0.0792952
15 0.235833 0.579295 0.025 0.0748899
28 0.148333 0.337004 0.0166667 0.0881057
31 0.576667 0.669604 0.02 0.0660793
32 0.619167 0.464758 0.025 0.0881057
11 0.841667 0.339207 0.0266667 0.105727
14 0.333333 0.688326 0.02 0.0814978
21 0.473333 0.218062 0.0266667 0.0969163
28 0.0258333 0.5837 0.025 0.0748899
15 0.398333 0.579295 0.0233333 0.0748899
27 0.175833 0.813877 0.025 0.0682819
24 0.0266667 0.582599 0.0233333 0.0726872
32 0.645833 0.464758 0.025 0.0881057
33 0.0766667 0.463656 0.0266667 0.0859031
31 0.614167 0.810573 0.025 0.0748899
24 0.529167 0.811674 0.0216667 0.0859031
39 0.273333 0.214758 0.0233333 0.0991189
4 0.854167 0.213656 0.025 0.105727
4 0.976667 0.560573 0.0333333 0.0859031
1 0.938333 0.20815 0.0233333 0.11674
4 0.879167 0.213656 0.0216667 0.101322
11 0.8175 0.339207 0.0216667 0.105727
26 0.7925 0.21696 0.0216667 0.103524
21 0.444167 0.215859 0.0216667 0.0969163
14 0.3225 0.580396 0.025 0.0859031
4 0.830833 0.21696 0.0216667 0.103524
25 0.591667 0.221366 0.0233333 0.0947137
37 0.575833 0.668502 0.0216667 0.0638767
27 0.201667 0.814978 0.0233333 0.0704846
15 0.445 0.57489 0.0233333 0.0748899
31 0.5 0.699339 0.0233333 0.0814978
33 0.6975 0.810573 0.0216667 0.0792952
18 0.234167 0.465859 0.0316667 0.0991189
32 0.154167 0.577093 0.0216667 0.0881057
24 0.504167 0.80837 0.025 0.0837004
15 0.469167 0.572687 0.025 0.0748899
26 0.736667 0.218062 0.0266667 0.105727
28 0.0733333 0.469163 0.0333333 0.0881057
27 0.256667 0.813877 0.0233333 0.0770925
18 0.204167 0.464758 0.0283333 0.0969163
25 0.6675 0.218062 0.0283333 0.092511
11 0.925833 0.342511 0.0216667 0.0991189
4 0.776667 0.698238 0.0266667 0.105727
33 0.0841667 0.567181 0.0283333 0.0726872
25 0.564167 0.221366 0.025 0.0947137
31 0.584167 0.800661 0.0216667 0.0726872
31 0.668333 0.809471 0.0233333 0.0770925
25 0.635833 0.218062 0.0283333 0.0969163
18 0.413333 0.462555 0.0266667 0.101322
31 0.6425 0.810573 0.0216667 0.0792952
21 0.375833 0.213656 0.0283333 0.105727
31 0.551667 0.698238 0.0233333 0.0837004
4 0.799167 0.682819 0.025 0.105727
33 0.179167 0.462555 0.0216667 0.092511
32 0.678333 0.463656 0.0233333 0.0859031
37 0.5125 0.344714 0.025 0.0903084
32 0.121667 0.578194 0.0266667 0.0859031
39 0.176667 0.211454 0.0266667 0.105727
37 0.635 0.690529 0.02 0.0726872
39 0.340833 0.212555 0.0283333 0.10793
31 0.525833 0.699339 0.025 0.0770925
11 0.895833 0.342511 0.025 0.10793
18 0.470833 0.461454 0.025 0.103524
28 0.0558333 0.345815 0.0283333 0.092511
37 0.316667 0.801762 0.02 0.0660793
37 0.609167 0.700441 0.0216667 0.0881057
37 0.3425 0.814978 0.025 0.0704846
37 0.368333 0.813877 0.0233333 0.0770925
18 0.441667 0.45815 0.0266667 0.101322
28 0.0175 0.471366 0.0283333 0.0881057
33 0.149167 0.463656 0.025 0.0903084
21 0.406667 0.215859 0.0333333 0.101322
39 0.205833 0.212555 0.0283333 0.0991189
22 0.410833 0.343612 0.0283333 0.101322
39 0.2425 0.212555 0.025 0.0991189
28 0.0458333 0.46696 0.0283333 0.0969163
39 0.3125 0.211454 0.0283333 0.110132
28 0.0241667 0.345815 0.0283333 0.0969163
28 0.1 0.348018 0.0266667 0.0969163
