14 0.2725 0.685022 0.0183333 0.0748899
31 0.590833 0.650881 0.025 0.0594714
34 0.5975 0.457048 0.0516667 0.0859031
37 0.571667 0.655286 0.02 0.0682819
37 0.581667 0.653084 0.0333333 0.0594714
5 0.871667 0.459251 0.0233333 0.0991189
5 0.898333 0.45815 0.0233333 0.101322
26 0.775 0.218062 0.0433333 0.0969163
34 0.614167 0.45815 0.025 0.0881057
32 0.680833 0.452643 0.0416667 0.0770925
18 0.498333 0.452643 0.02 0.0859031
6 0.91 0.792952 0.0233333 0.101322
28 0.719167 0.566079 0.025 0.0881057
31 0.691667 0.802863 0.0333333 0.0770925
37 0.573333 0.342511 0.0266667 0.0947137
11 0.984167 0.67511 0.0216667 0.0991189
31 0.565 0.656388 0.03 0.0704846
2 0.0108333 0.188326 0.0216667 0.147577
11 0.9425 0.665198 0.025 0.092511
8 0.870833 0.681718 0.025 0.103524
41 0.606667 0.342511 0.0266667 0.0947137
27 0.121667 0.813877 0.0233333 0.0726872
6 0.869167 0.789648 0.0216667 0.0903084
6 0.935 0.794053 0.02 0.103524
11 0.981667 0.343612 0.02 0.101322
14 0.295833 0.577093 0.025 0.0792952
18 0.614167 0.45815 0.025 0.0881057
28 0.0516667 0.697137 0.0233333 0.0770925
36 0.6525 0.572687 0.0283333 0.0881057
33 0.7075 0.798458 0.0416667 0.0726872
6 0.871667 0.682819 0.0266667 0.110132
11 0.865833 0.338106 0.0183333 0.0947137
33 0.0383333 0.817181 0.0233333 0.0660793
15 0.3225 0.578194 0.025 0.0770925
39 0.243333 0.214758 0.05 0.0947137
24 0.719167 0.564978 0.025 0.0859031
25 0.561667 0.218062 0.02 0.0837004
1 0.9725 0.20815 0.0316667 0.103524
12 0.910833 0.792952 0.025 0.092511
14 0.355833 0.571586 0.025 0.0814978
1 0.909167 0.212555 0.025 0.10793
17 0.325 0.334802 0.0233333 0.0969163
1 0.985833 0.212555 0.0216667 0.103524
15 0.295 0.580396 0.0266667 0.0726872
2 0.0875 0.190529 0.0216667 0.129956
4 0.838333 0.212555 0.0366667 0.0991189
2 0.103333 0.190529 0.0233333 0.134361
40 0.668333 0.343612 0.0266667 0.0969163
4 0.826667 0.562775 0.0233333 0.0991189
4 0.816667 0.679515 0.0266667 0.103524
8 0.895 0.681718 0.0266667 0.0947137
2 0.128333 0.190529 0.0266667 0.138767
18 0.4325 0.462555 0.0516667 0.101322
14 0.324167 0.578194 0.025 0.0814978
13 0.440833 0.696035 0.025 0.0837004
28 0.185833 0.332599 0.0183333 0.092511
12 0.870833 0.788546 0.0216667 0.0881057
37 0.331667 0.798458 0.0366667 0.0682819
4 0.984167 0.562775 0.0183333 0.0903084
13 0.466667 0.672907 0.02 0.0682819
25 0.708333 0.21696 0.0233333 0.0991189
2 0.045 0.192731 0.0266667 0.143172
33 0.720833 0.798458 0.0216667 0.0814978
18 0.2725 0.328194 0.0216667 0.101322
37 0.5425 0.342511 0.0283333 0.0947137
33 0.695 0.796256 0.02 0.0770925
40 0.6375 0.342511 0.0283333 0.0991189
15 0.3575 0.569383 0.0283333 0.0770925
28 0.0683333 0.343612 0.0466667 0.0837004
14 0.36 0.685022 0.0233333 0.0837004
18 0.584167 0.45815 0.025 0.0969163
25 0.761667 0.21696 0.0233333 0.103524
27 0.2275 0.822687 0.0216667 0.0682819
31 0.498333 0.700441 0.0233333 0.092511
25 0.736667 0.215859 0.0266667 0.101322
18 0.553333 0.453745 0.0266667 0.0881057
21 0.474167 0.21696 0.025 0.0947137
11 0.925833 0.342511 0.0183333 0.0947137
26 0.761667 0.21696 0.0233333 0.0991189
26 0.7375 0.215859 0.025 0.101322
1 0.938333 0.209251 0.0233333 0.114537
25 0.505 0.218062 0.0266667 0.0969163
11 0.8425 0.459251 0.025 0.103524
4 0.850833 0.211454 0.0216667 0.101322
4 0.8725 0.211454 0.0216667 0.101322
4 0.979167 0.674009 0.025 0.0969163
14 0.333333 0.682819 0.0233333 0.0748899
18 0.5275 0.453745 0.025 0.0837004
28 0.2075 0.329295 0.0216667 0.0947137
18 0.249167 0.329295 0.0216667 0.0947137
11 0.810833 0.455947 0.0216667 0.101322
26 0.790833 0.218062 0.025 0.0969163
24 0.750833 0.452643 0.025 0.0814978
11 0.973333 0.34141 0.0233333 0.0969163
34 0.5275 0.454846 0.0216667 0.0859031
25 0.533333 0.21696 0.0266667 0.0947137
32 0.64 0.454846 0.0233333 0.0859031
4 0.825833 0.212555 0.0283333 0.0991189
27 0.175 0.823789 0.02 0.0704846
22 0.420833 0.331498 0.025 0.0859031
24 0.529167 0.794053 0.0216667 0.0726872
22 0.393333 0.334802 0.0233333 0.0881057
11 0.9475 0.34141 0.025 0.0969163
15 0.399167 0.578194 0.025 0.0814978
39 0.2275 0.212555 0.0216667 0.0947137
31 0.55 0.664097 0.02 0.0682819
15 0.470833 0.549559 0.0283333 0.0682819
31 0.643333 0.809471 0.0233333 0.0814978
15 0.4525 0.555066 0.0216667 0.0660793
27 0.251667 0.838106 0.0233333 0.0726872
11 0.84 0.34141 0.0233333 0.092511
31 0.605 0.774229 0.02 0.0594714
32 0.664167 0.454846 0.0216667 0.0770925
18 0.389167 0.448238 0.0216667 0.0859031
24 0.505 0.811674 0.0233333 0.0814978
18 0.244167 0.453745 0.025 0.092511
33 0.1025 0.460352 0.025 0.0792952
31 0.67 0.80837 0.0233333 0.0792952
27 0.1975 0.835903 0.0216667 0.0726872
21 0.4475 0.218062 0.025 0.0969163
18 0.355833 0.45815 0.0283333 0.092511
18 0.415833 0.460352 0.025 0.101322
4 0.796667 0.679515 0.02 0.0903084
4 0.83 0.67511 0.02 0.112335
21 0.388333 0.21696 0.02 0.0903084
4 0.775833 0.683921 0.025 0.0903084
17 0.245833 0.329295 0.0216667 0.103524
37 0.37 0.814978 0.0233333 0.0748899
31 0.58 0.774229 0.02 0.0594714
34 0.555 0.454846 0.0233333 0.0947137
25 0.618333 0.220264 0.02 0.0881057
33 0.0916667 0.573789 0.0233333 0.0770925
31 0.524167 0.690529 0.0216667 0.0682819
28 0.0191667 0.46696 0.025 0.0837004
33 0.141667 0.451542 0.0266667 0.0837004
25 0.648333 0.218062 0.0233333 0.092511
17 0.274167 0.329295 0.025 0.103524
21 0.415833 0.218062 0.025 0.092511
15 0.429167 0.577093 0.025 0.0792952
37 0.343333 0.801762 0.02 0.0704846
39 0.3425 0.210352 0.0283333 0.103524
33 0.181667 0.45815 0.0266667 0.0881057
33 0.12 0.567181 0.0233333 0.0726872
39 0.18 0.20815 0.0266667 0.0991189
37 0.319167 0.799559 0.0216667 0.0704846
28 0.765833 0.575991 0.0216667 0.0814978
11 0.899167 0.343612 0.0216667 0.0969163
28 0.0491667 0.469163 0.0283333 0.0837004
18 0.4725 0.460352 0.025 0.101322
25 0.591667 0.218062 0.0266667 0.0881057
37 0.511667 0.345815 0.0266667 0.092511
28 0.0158333 0.344714 0.025 0.0859031
39 0.2575 0.212555 0.025 0.0991189
18 0.444167 0.457048 0.025 0.0991189
22 0.446667 0.330396 0.0233333 0.0881057
28 0.0858333 0.343612 0.025 0.0881057
39 0.313333 0.210352 0.0266667 0.10793
28 0.055 0.344714 0.0233333 0.0947137
