24 0.508333 0.790749 0.0333333 0.0792952
32 0.6125 0.568282 0.0216667 0.0837004
33 0.585833 0.567181 0.0216667 0.0814978
4 0.754167 0.662996 0.0183333 0.0660793
28 0.015 0.702643 0.0233333 0.0792952
31 0.586667 0.779736 0.0366667 0.0572687
11 0.828333 0.45815 0.0233333 0.0969163
43 0.0658333 0.811674 0.025 0.0682819
18 0.591667 0.46696 0.0266667 0.0969163
4 0.8 0.670705 0.0366667 0.0770925
28 0.0133333 0.343612 0.0266667 0.0969163
14 0.24 0.701542 0.0266667 0.0770925
31 0.5675 0.690529 0.0483333 0.0770925
34 0.516667 0.465859 0.0566667 0.0903084
4 0.8225 0.67511 0.0416667 0.0903084
31 0.510833 0.696035 0.0483333 0.0792952
28 0.065 0.344714 0.0633333 0.0903084
26 0.729167 0.220264 0.025 0.0969163
27 0.215 0.810573 0.03 0.061674
12 0.759167 0.784141 0.0183333 0.0792952
18 0.398333 0.460352 0.0533333 0.0881057
37 0.299167 0.814978 0.0483333 0.0748899
4 0.838333 0.680617 0.0233333 0.0881057
33 0.714167 0.786344 0.015 0.0660793
39 0.378333 0.210352 0.03 0.10793
12 0.78 0.78304 0.02 0.0903084
14 0.321667 0.580396 0.0233333 0.0770925
34 0.5025 0.468062 0.0216667 0.0947137
16 0.240833 0.703744 0.0283333 0.0770925
11 0.835833 0.774229 0.0183333 0.0726872
12 0.8275 0.459251 0.0216667 0.0991189
4 0.7725 0.667401 0.0316667 0.0704846
40 0.630833 0.343612 0.0283333 0.0969163
12 0.87 0.457048 0.0233333 0.103524
37 0.526667 0.345815 0.0466667 0.092511
24 0.551667 0.781938 0.02 0.0704846
16 0.218333 0.701542 0.03 0.0770925
4 0.895 0.213656 0.0266667 0.105727
37 0.33 0.810573 0.05 0.0704846
6 0.900833 0.785242 0.0183333 0.0814978
22 0.4275 0.803965 0.0383333 0.0792952
27 0.0925 0.818282 0.025 0.0726872
27 0.120833 0.813877 0.025 0.0682819
14 0.338333 0.665198 0.02 0.0660793
34 0.530833 0.468062 0.025 0.0947137
17 0.325 0.459251 0.0266667 0.0991189
1 0.983333 0.209251 0.0233333 0.118943
14 0.305833 0.688326 0.0216667 0.0814978
26 0.790833 0.218062 0.0216667 0.101322
18 0.241667 0.460352 0.0233333 0.0969163
24 0.529167 0.790749 0.0216667 0.0837004
14 0.359167 0.670705 0.0216667 0.0814978
24 0.734167 0.580396 0.0216667 0.0814978
1 0.9275 0.20815 0.025 0.11674
6 0.9225 0.784141 0.0183333 0.0792952
18 0.3875 0.455947 0.025 0.0969163
34 0.590833 0.463656 0.025 0.0991189
14 0.296667 0.581498 0.0266667 0.092511
28 0.0716667 0.702643 0.0266667 0.0792952
18 0.415 0.457048 0.0266667 0.0947137
15 0.4725 0.571586 0.025 0.0770925
18 0.254167 0.34141 0.0283333 0.105727
17 0.301667 0.335903 0.0233333 0.0991189
15 0.415 0.559471 0.0266667 0.0704846
17 0.356667 0.459251 0.0233333 0.0991189
27 0.1475 0.814978 0.0283333 0.0704846
15 0.320833 0.580396 0.025 0.0814978
22 0.33 0.332599 0.0233333 0.0969163
15 0.295 0.581498 0.0266667 0.0837004
4 0.87 0.214758 0.02 0.103524
24 0.7625 0.580396 0.025 0.0814978
2 0.055 0.183921 0.0266667 0.147577
4 0.7625 0.6663 0.025 0.0682819
31 0.495 0.692731 0.0233333 0.0903084
2 0.148333 0.186123 0.0266667 0.160793
18 0.358333 0.45815 0.0266667 0.0969163
28 0.733333 0.581498 0.0233333 0.0837004
4 0.785 0.6663 0.0266667 0.0814978
6 0.984167 0.779736 0.0216667 0.0837004
4 0.8575 0.214758 0.0216667 0.103524
1 0.955833 0.204846 0.025 0.123348
2 0.0891667 0.187225 0.025 0.162996
28 0.0775 0.470264 0.025 0.0903084
25 0.558333 0.218062 0.05 0.101322
20 0.09 0.818282 0.0233333 0.0726872
2 0.0241667 0.183921 0.025 0.160793
22 0.474167 0.796256 0.0216667 0.0770925
28 0.0458333 0.702643 0.025 0.0748899
27 0.23 0.817181 0.0233333 0.0660793
24 0.744167 0.468062 0.025 0.0814978
17 0.225833 0.337004 0.0216667 0.101322
15 0.3925 0.556167 0.0216667 0.0682819
22 0.464167 0.346916 0.025 0.0903084
18 0.208333 0.468062 0.03 0.0991189
18 0.295 0.461454 0.0266667 0.0991189
4 0.815833 0.214758 0.0216667 0.0991189
26 0.758333 0.218062 0.0266667 0.101322
25 0.5075 0.214758 0.025 0.103524
22 0.359167 0.3337 0.0216667 0.0947137
34 0.561667 0.469163 0.0266667 0.0969163
22 0.39 0.34141 0.0233333 0.092511
28 0.761667 0.581498 0.0266667 0.0837004
25 0.656667 0.218062 0.0233333 0.092511
2 0.120833 0.185022 0.0283333 0.167401
18 0.324167 0.460352 0.0283333 0.101322
15 0.444167 0.567181 0.025 0.0814978
28 0.105833 0.468062 0.0283333 0.0903084
32 0.715 0.46696 0.03 0.0837004
32 0.643333 0.457048 0.0266667 0.0859031
31 0.635833 0.788546 0.0216667 0.0660793
4 0.811667 0.679515 0.02 0.0814978
31 0.603333 0.77533 0.02 0.0572687
37 0.544167 0.343612 0.0283333 0.092511
27 0.258333 0.810573 0.0233333 0.0704846
18 0.473333 0.462555 0.0266667 0.0969163
25 0.630833 0.21696 0.025 0.0947137
27 0.2075 0.801762 0.0216667 0.0704846
25 0.541667 0.21696 0.03 0.10793
39 0.250833 0.215859 0.0283333 0.092511
37 0.288333 0.810573 0.0233333 0.0704846
31 0.58 0.777533 0.0166667 0.0572687
21 0.375 0.214758 0.03 0.103524
25 0.5725 0.215859 0.0283333 0.105727
27 0.1775 0.813877 0.025 0.0726872
39 0.183333 0.213656 0.0233333 0.101322
37 0.513333 0.344714 0.0266667 0.103524
31 0.665 0.798458 0.0233333 0.0770925
22 0.4325 0.345815 0.0283333 0.092511
4 0.835 0.215859 0.02 0.0969163
17 0.251667 0.338106 0.0266667 0.103524
31 0.525 0.694934 0.0233333 0.0770925
39 0.211667 0.214758 0.03 0.0947137
18 0.505 0.575991 0.0266667 0.0903084
33 0.168333 0.468062 0.03 0.0903084
32 0.6775 0.462555 0.0283333 0.0881057
11 0.894167 0.337004 0.0216667 0.101322
31 0.551667 0.692731 0.0233333 0.0859031
37 0.343333 0.813877 0.0233333 0.0726872
28 0.0183333 0.470264 0.0266667 0.0859031
28 0.0466667 0.468062 0.03 0.0947137
28 0.055 0.344714 0.0266667 0.0947137
11 0.833333 0.338106 0.0266667 0.103524
39 0.338333 0.212555 0.0266667 0.10793
37 0.314167 0.813877 0.025 0.0770925
21 0.408333 0.215859 0.0266667 0.101322
33 0.0883333 0.570485 0.0233333 0.0792952
28 0.174167 0.342511 0.025 0.0947137
21 0.440833 0.212555 0.0316667 0.103524
21 0.473333 0.215859 0.0266667 0.101322
18 0.441667 0.45815 0.0233333 0.0969163
25 0.605 0.218062 0.03 0.101322
37 0.605833 0.685022 0.0216667 0.0792952
37 0.369167 0.811674 0.025 0.0770925
37 0.631667 0.681718 0.02 0.0814978
33 0.1375 0.469163 0.025 0.0881057
37 0.580833 0.686123 0.0216667 0.0770925
28 0.09 0.346916 0.03 0.0947137
11 0.868333 0.338106 0.0266667 0.103524
28 0.0241667 0.345815 0.0283333 0.101322
28 0.131667 0.346916 0.0266667 0.0947137
11 0.945 0.342511 0.0266667 0.10793
39 0.310833 0.211454 0.0283333 0.110132
