31 0.5775 0.698238 0.0216667 0.101322
32 0.6475 0.57489 0.0216667 0.0881057
24 0.764167 0.577093 0.025 0.0881057
25 0.6975 0.218062 0.025 0.0969163
20 0.145833 0.813877 0.025 0.0726872
33 0.0766667 0.572687 0.0633333 0.0748899
37 0.526667 0.344714 0.05 0.0947137
27 0.218333 0.80837 0.0333333 0.0660793
43 0.0175 0.704846 0.025 0.0792952
4 0.801667 0.667401 0.04 0.0881057
13 0.4425 0.69163 0.0216667 0.0881057
34 0.5025 0.46696 0.0216667 0.0969163
25 0.591667 0.211454 0.0566667 0.092511
26 0.774167 0.214758 0.0383333 0.0991189
33 0.015 0.812775 0.0266667 0.0748899
18 0.265833 0.460352 0.0283333 0.0969163
17 0.294167 0.332599 0.0216667 0.105727
33 0.0141667 0.700441 0.025 0.0792952
31 0.5675 0.685022 0.045 0.0792952
34 0.516667 0.462555 0.0566667 0.092511
37 0.573333 0.343612 0.0266667 0.101322
18 0.3575 0.457048 0.025 0.0991189
31 0.475833 0.692731 0.0416667 0.0903084
28 0.744167 0.46696 0.0283333 0.092511
32 0.6175 0.57489 0.0216667 0.0837004
13 0.390833 0.669604 0.025 0.0792952
12 0.793333 0.796256 0.02 0.0947137
25 0.525 0.213656 0.0533333 0.101322
34 0.53 0.46696 0.0266667 0.0969163
33 0.619167 0.57489 0.0216667 0.0837004
17 0.3225 0.334802 0.025 0.114537
33 0.106667 0.465859 0.0266667 0.0859031
40 0.605 0.342511 0.0266667 0.0947137
22 0.350833 0.335903 0.0283333 0.10793
16 0.24 0.698238 0.0233333 0.0792952
28 0.0141667 0.701542 0.025 0.0814978
14 0.299167 0.699339 0.025 0.0814978
18 0.4975 0.462555 0.035 0.0969163
26 0.6975 0.218062 0.0283333 0.092511
1 0.945 0.205947 0.0433333 0.121145
24 0.58 0.773128 0.0233333 0.0572687
12 0.829167 0.45815 0.0216667 0.101322
10 0.963333 0.457048 0.0233333 0.103524
28 0.0725 0.701542 0.0283333 0.0770925
43 0.0133333 0.811674 0.0233333 0.0682819
18 0.413333 0.457048 0.0233333 0.0991189
14 0.360833 0.647577 0.025 0.101322
14 0.3275 0.698238 0.0216667 0.0792952
17 0.324167 0.460352 0.0283333 0.0969163
12 0.87 0.454846 0.0233333 0.10793
24 0.696667 0.80837 0.0233333 0.0837004
4 0.839167 0.213656 0.025 0.101322
37 0.615833 0.670705 0.0316667 0.0770925
33 0.719167 0.798458 0.0183333 0.0682819
22 0.38 0.338106 0.0266667 0.10793
2 0.085 0.182819 0.03 0.14978
1 0.966667 0.204846 0.0433333 0.118943
17 0.356667 0.457048 0.0266667 0.0991189
15 0.323333 0.577093 0.0266667 0.0881057
2 0.115 0.182819 0.0266667 0.136564
22 0.320833 0.334802 0.025 0.105727
27 0.120833 0.812775 0.025 0.0704846
15 0.235833 0.580396 0.025 0.0859031
16 0.216667 0.697137 0.0233333 0.0770925
4 0.980833 0.668502 0.025 0.0814978
15 0.2075 0.575991 0.0216667 0.0770925
40 0.634167 0.343612 0.025 0.092511
28 0.730833 0.571586 0.025 0.0814978
2 0.0266667 0.183921 0.03 0.156388
15 0.351667 0.578194 0.0266667 0.0859031
15 0.381667 0.575991 0.0233333 0.0814978
20 0.0816667 0.811674 0.03 0.0726872
37 0.543333 0.342511 0.0266667 0.0947137
1 0.983333 0.207048 0.0233333 0.118943
31 0.63 0.768722 0.0233333 0.061674
22 0.4475 0.80837 0.0283333 0.0792952
15 0.4425 0.57489 0.0216667 0.0837004
6 0.981667 0.792952 0.0233333 0.101322
39 0.374167 0.210352 0.0283333 0.10793
14 0.321667 0.577093 0.0233333 0.0837004
4 0.87 0.213656 0.0233333 0.101322
31 0.665833 0.795154 0.0216667 0.0792952
27 0.146667 0.813877 0.0266667 0.0726872
10 0.970833 0.567181 0.0216667 0.0947137
4 0.8975 0.213656 0.025 0.101322
26 0.75 0.218062 0.0433333 0.0969163
27 0.095 0.816079 0.0233333 0.0682819
6 0.9175 0.785242 0.0216667 0.0814978
28 0.105833 0.468062 0.0283333 0.0903084
4 0.823333 0.212555 0.0266667 0.103524
34 0.589167 0.464758 0.025 0.0969163
12 0.816667 0.795154 0.02 0.101322
14 0.295 0.580396 0.0233333 0.0903084
39 0.334167 0.215859 0.0183333 0.0881057
31 0.5825 0.774229 0.0216667 0.0638767
18 0.295 0.459251 0.0266667 0.0947137
28 0.0733333 0.469163 0.0366667 0.0837004
15 0.470833 0.575991 0.025 0.0814978
6 0.939167 0.785242 0.0183333 0.0770925
26 0.761667 0.213656 0.0233333 0.101322
11 0.948333 0.343612 0.02 0.0969163
15 0.295833 0.580396 0.0283333 0.0814978
18 0.235 0.464758 0.03 0.0969163
28 0.763333 0.577093 0.0233333 0.0837004
13 0.413333 0.668502 0.0233333 0.0770925
31 0.5 0.694934 0.0233333 0.0947137
15 0.410833 0.579295 0.025 0.0837004
26 0.7925 0.218062 0.025 0.0969163
25 0.57 0.215859 0.0233333 0.101322
26 0.7375 0.214758 0.025 0.0991189
11 0.925 0.338106 0.0233333 0.0991189
33 0.1025 0.568282 0.025 0.0792952
32 0.6475 0.461454 0.025 0.0859031
22 0.465833 0.344714 0.025 0.0947137
4 0.84 0.670705 0.0233333 0.0947137
18 0.324167 0.459251 0.0283333 0.0991189
27 0.23 0.816079 0.0233333 0.0638767
24 0.503333 0.806167 0.0233333 0.0837004
18 0.205 0.465859 0.0266667 0.0947137
24 0.529167 0.790749 0.0216667 0.0748899
24 0.744167 0.464758 0.025 0.0837004
27 0.2575 0.810573 0.025 0.0704846
18 0.500833 0.575991 0.025 0.0859031
25 0.5075 0.211454 0.025 0.105727
27 0.2075 0.800661 0.0216667 0.0726872
18 0.471667 0.460352 0.0266667 0.101322
32 0.715 0.468062 0.0266667 0.0859031
4 0.785833 0.665198 0.0216667 0.092511
25 0.540833 0.213656 0.025 0.101322
18 0.529167 0.57489 0.025 0.0881057
33 0.696667 0.809471 0.0233333 0.0770925
25 0.664167 0.21696 0.025 0.0903084
27 0.1775 0.810573 0.025 0.0748899
4 0.814167 0.668502 0.0216667 0.0947137
34 0.561667 0.468062 0.0266667 0.0991189
21 0.376667 0.214758 0.03 0.0991189
31 0.604167 0.78304 0.0183333 0.0638767
24 0.554167 0.796256 0.0216667 0.0726872
32 0.683333 0.465859 0.0266667 0.0903084
37 0.511667 0.344714 0.0266667 0.0947137
33 0.168333 0.46696 0.03 0.092511
37 0.578333 0.681718 0.02 0.0814978
22 0.4325 0.342511 0.0283333 0.0991189
31 0.523333 0.687225 0.0233333 0.0837004
28 0.06 0.345815 0.03 0.0881057
39 0.175 0.207048 0.03 0.101322
39 0.306667 0.214758 0.0266667 0.103524
11 0.833333 0.339207 0.0266667 0.101322
37 0.626667 0.669604 0.02 0.0792952
18 0.4425 0.45815 0.025 0.0969163
37 0.603333 0.674009 0.02 0.0792952
28 0.0191667 0.471366 0.0283333 0.0881057
31 0.551667 0.685022 0.0233333 0.0881057
11 0.896667 0.338106 0.0233333 0.103524
33 0.0591667 0.581498 0.0283333 0.0837004
37 0.288333 0.810573 0.0233333 0.0704846
37 0.34 0.813877 0.0233333 0.0770925
39 0.216667 0.210352 0.0233333 0.0947137
21 0.440833 0.210352 0.0316667 0.10793
28 0.0466667 0.46696 0.03 0.092511
21 0.474167 0.212555 0.025 0.103524
37 0.314167 0.812775 0.025 0.0792952
39 0.243333 0.212555 0.0266667 0.0991189
11 0.869167 0.338106 0.025 0.103524
21 0.408333 0.212555 0.0266667 0.103524
33 0.138333 0.46696 0.0266667 0.0881057
25 0.638333 0.21696 0.0266667 0.0991189
28 0.0266667 0.349119 0.03 0.0903084
25 0.6075 0.21696 0.0283333 0.103524
