10 0.9625 0.571586 0.0316667 0.0814978
30 0.129167 0.702643 0.0283333 0.0748899
33 0.719167 0.797357 0.0183333 0.0660793
18 0.510833 0.579295 0.0516667 0.0881057
10 0.894167 0.461454 0.025 0.0903084
24 0.0075 0.579295 0.015 0.0792952
6 0.8525 0.69163 0.0216667 0.0881057
37 0.299167 0.812775 0.0516667 0.0748899
28 0.0141667 0.700441 0.025 0.0792952
4 0.899167 0.214758 0.025 0.0991189
21 0.355833 0.209251 0.0616667 0.105727
4 0.815833 0.687225 0.035 0.092511
43 0.0633333 0.811674 0.0233333 0.0682819
33 0.0141667 0.700441 0.025 0.0792952
27 0.215833 0.813877 0.045 0.0682819
32 0.666667 0.46696 0.0566667 0.0881057
16 0.241667 0.698238 0.03 0.0748899
25 0.525 0.212555 0.0566667 0.0991189
25 0.706667 0.214758 0.0266667 0.0991189
4 0.836667 0.571586 0.02 0.0770925
10 0.984167 0.463656 0.0216667 0.0947137
28 0.760833 0.581498 0.025 0.0837004
31 0.4975 0.696035 0.025 0.092511
27 0.0916667 0.816079 0.0233333 0.0726872
24 0.0266667 0.582599 0.0233333 0.0770925
8 0.86 0.692731 0.0433333 0.103524
18 0.2525 0.340308 0.0283333 0.10793
18 0.530833 0.468062 0.025 0.0991189
6 0.9825 0.797357 0.0216667 0.0837004
24 0.7925 0.465859 0.045 0.0814978
40 0.605833 0.344714 0.0283333 0.0947137
17 0.210833 0.339207 0.0483333 0.101322
18 0.225 0.338106 0.0233333 0.103524
18 0.3825 0.459251 0.0283333 0.0991189
32 0.713333 0.470264 0.0266667 0.0859031
27 0.119167 0.812775 0.025 0.0704846
40 0.669167 0.348018 0.0283333 0.092511
11 0.7925 0.792952 0.025 0.0969163
2 0.114167 0.186123 0.0283333 0.147577
28 0.101667 0.34141 0.06 0.0969163
32 0.1775 0.581498 0.0216667 0.0837004
14 0.354167 0.697137 0.025 0.0814978
15 0.204167 0.580396 0.025 0.0814978
11 0.97 0.685022 0.0233333 0.0881057
34 0.59 0.468062 0.0266667 0.0991189
12 0.828333 0.463656 0.02 0.0947137
12 0.865 0.796256 0.02 0.0859031
4 0.841667 0.686123 0.0366667 0.0947137
17 0.323333 0.461454 0.0266667 0.0991189
18 0.196667 0.338106 0.0266667 0.10793
11 0.8175 0.795154 0.0216667 0.092511
28 0.734167 0.581498 0.025 0.0837004
11 0.988333 0.678414 0.0166667 0.0881057
18 0.234167 0.464758 0.0283333 0.101322
18 0.355 0.457048 0.0233333 0.0991189
17 0.2925 0.464758 0.025 0.0969163
34 0.560833 0.470264 0.0283333 0.0947137
28 0.0591667 0.580396 0.025 0.0770925
34 0.5025 0.46696 0.0216667 0.101322
27 0.146667 0.812775 0.0266667 0.0748899
15 0.259167 0.578194 0.0216667 0.0726872
37 0.3275 0.809471 0.0483333 0.0726872
37 0.5425 0.344714 0.0283333 0.0947137
37 0.625 0.698238 0.0466667 0.0837004
1 0.93 0.209251 0.0266667 0.114537
6 0.934167 0.794053 0.0216667 0.0903084
15 0.235833 0.579295 0.025 0.0704846
12 0.8175 0.796256 0.0216667 0.0947137
25 0.5725 0.215859 0.025 0.101322
40 0.6375 0.345815 0.0316667 0.092511
33 0.0616667 0.580396 0.0266667 0.0770925
26 0.704167 0.218062 0.025 0.092511
1 0.985833 0.210352 0.0216667 0.11674
32 0.621667 0.468062 0.0266667 0.0947137
18 0.5 0.465859 0.0266667 0.0991189
18 0.293333 0.462555 0.03 0.0969163
14 0.293333 0.580396 0.0266667 0.0814978
15 0.320833 0.580396 0.025 0.0770925
17 0.289167 0.338106 0.025 0.103524
16 0.215 0.698238 0.0233333 0.0792952
22 0.448333 0.807269 0.03 0.0859031
22 0.374167 0.34141 0.0316667 0.0969163
18 0.2625 0.463656 0.0283333 0.0991189
11 0.954167 0.345815 0.025 0.0881057
34 0.530833 0.468062 0.025 0.0991189
32 0.651667 0.468062 0.0266667 0.0903084
20 0.0916667 0.816079 0.0233333 0.0726872
11 0.984167 0.34141 0.0216667 0.092511
24 0.7625 0.580396 0.025 0.0859031
18 0.559167 0.579295 0.025 0.0837004
13 0.44 0.696035 0.0233333 0.0837004
25 0.541667 0.213656 0.0266667 0.101322
14 0.326667 0.697137 0.0233333 0.0859031
18 0.3225 0.459251 0.0316667 0.103524
32 0.119167 0.581498 0.025 0.0837004
11 0.928333 0.342511 0.0266667 0.0947137
4 0.800833 0.687225 0.0283333 0.092511
2 0.0858333 0.19163 0.0283333 0.14978
1 0.958333 0.207048 0.0266667 0.118943
28 0.0075 0.579295 0.015 0.0792952
24 0.734167 0.580396 0.025 0.0859031
15 0.293333 0.580396 0.0266667 0.0770925
2 0.0208333 0.186123 0.0283333 0.156388
24 0.745 0.468062 0.0266667 0.0770925
2 0.0558333 0.19163 0.0283333 0.140969
12 0.79 0.795154 0.0233333 0.092511
33 0.0891667 0.580396 0.025 0.0770925
26 0.800833 0.21696 0.0283333 0.0991189
32 0.683333 0.469163 0.03 0.0881057
32 0.1475 0.580396 0.0283333 0.0859031
4 0.829167 0.215859 0.0216667 0.101322
26 0.7375 0.218062 0.0316667 0.092511
25 0.506667 0.213656 0.0266667 0.0969163
15 0.381667 0.577093 0.0233333 0.0748899
24 0.530833 0.806167 0.025 0.0837004
18 0.5 0.578194 0.0233333 0.0859031
31 0.589167 0.80837 0.0283333 0.0748899
14 0.321667 0.580396 0.0233333 0.0814978
27 0.2025 0.809471 0.025 0.0726872
2 0.140833 0.185022 0.025 0.145374
18 0.53 0.578194 0.0266667 0.0859031
18 0.411667 0.462555 0.0266667 0.101322
18 0.470833 0.463656 0.025 0.0991189
26 0.771667 0.219163 0.0266667 0.103524
27 0.175 0.812775 0.0233333 0.0704846
33 0.695833 0.810573 0.025 0.0748899
4 0.879167 0.214758 0.0216667 0.0991189
27 0.255833 0.811674 0.025 0.0682819
4 0.854167 0.212555 0.025 0.0991189
4 0.83 0.682819 0.02 0.0792952
31 0.618333 0.811674 0.0233333 0.0682819
15 0.439167 0.578194 0.025 0.0814978
24 0.503333 0.80837 0.0266667 0.0837004
15 0.351667 0.580396 0.0266667 0.0726872
15 0.47 0.577093 0.0266667 0.0792952
11 0.830833 0.344714 0.025 0.103524
15 0.410833 0.579295 0.025 0.0748899
37 0.286667 0.810573 0.0233333 0.0704846
33 0.1675 0.46696 0.0283333 0.092511
31 0.6425 0.812775 0.0216667 0.0748899
28 0.104167 0.46696 0.0283333 0.0969163
37 0.5125 0.346916 0.0283333 0.0947137
18 0.441667 0.462555 0.0266667 0.0969163
11 0.870833 0.345815 0.025 0.0969163
31 0.5525 0.693833 0.025 0.0881057
28 0.150833 0.34141 0.0316667 0.101322
28 0.0266667 0.580396 0.0266667 0.0770925
31 0.524167 0.694934 0.025 0.0903084
24 0.558333 0.806167 0.0266667 0.0837004
18 0.203333 0.463656 0.0266667 0.0991189
39 0.175833 0.210352 0.0283333 0.103524
25 0.670833 0.21696 0.0283333 0.0947137
17 0.251667 0.339207 0.0266667 0.105727
4 0.778333 0.688326 0.0233333 0.0991189
37 0.3425 0.812775 0.025 0.0748899
28 0.0758333 0.468062 0.0283333 0.0903084
37 0.314167 0.812775 0.025 0.0748899
31 0.668333 0.810573 0.0233333 0.0748899
11 0.899167 0.345815 0.025 0.0969163
37 0.610833 0.697137 0.025 0.0859031
37 0.581667 0.694934 0.0233333 0.0859031
33 0.1375 0.468062 0.025 0.0947137
37 0.369167 0.810573 0.025 0.0792952
22 0.441667 0.342511 0.0266667 0.0991189
22 0.410833 0.342511 0.025 0.0991189
28 0.119167 0.34141 0.0283333 0.105727
21 0.373333 0.211454 0.0266667 0.105727
28 0.0533333 0.342511 0.0266667 0.0991189
28 0.0441667 0.465859 0.0283333 0.0947137
21 0.473333 0.213656 0.0266667 0.101322
39 0.304167 0.212555 0.0316667 0.0991189
28 0.0175 0.470264 0.0283333 0.0903084
39 0.34 0.211454 0.0333333 0.105727
37 0.635833 0.692731 0.0216667 0.0859031
21 0.440833 0.210352 0.0316667 0.10793
28 0.0225 0.345815 0.0283333 0.0969163
39 0.241667 0.211454 0.0266667 0.101322
28 0.0875 0.343612 0.0283333 0.101322
39 0.206667 0.211454 0.03 0.101322
21 0.406667 0.211454 0.03 0.105727
25 0.608333 0.218062 0.03 0.105727
25 0.64 0.21696 0.03 0.103524
