11 0.9375 0.669604 0.0216667 0.0969163
39 0.294167 0.213656 0.0583333 0.101322
8 0.8525 0.687225 0.025 0.101322
18 0.2925 0.339207 0.025 0.105727
24 0.719167 0.455947 0.025 0.0792952
37 0.571667 0.344714 0.0266667 0.0947137
2 0.0583333 0.189427 0.0266667 0.136564
6 0.8525 0.687225 0.025 0.105727
2 0.0983333 0.194934 0.0233333 0.125551
37 0.355 0.817181 0.05 0.0704846
40 0.635833 0.345815 0.0316667 0.0969163
26 0.779167 0.220264 0.0383333 0.0969163
17 0.243333 0.338106 0.0566667 0.0991189
31 0.466667 0.669604 0.02 0.0572687
19 0.330833 0.335903 0.025 0.0991189
33 0.0991667 0.569383 0.0216667 0.0682819
26 0.706667 0.220264 0.0233333 0.101322
37 0.585 0.659692 0.04 0.0594714
13 0.44 0.699339 0.0233333 0.0814978
18 0.265833 0.337004 0.025 0.105727
18 0.494167 0.459251 0.0316667 0.0859031
15 0.455 0.563877 0.0433333 0.0660793
15 0.250833 0.567181 0.0316667 0.0726872
33 0.175 0.556167 0.02 0.0682819
32 0.639167 0.459251 0.0216667 0.0814978
5 0.87 0.45815 0.02 0.105727
31 0.694167 0.801762 0.025 0.0748899
31 0.5875 0.774229 0.0416667 0.0726872
18 0.586667 0.465859 0.0266667 0.0947137
33 0.1325 0.568282 0.035 0.0704846
4 0.786667 0.665198 0.0466667 0.0792952
28 0.0475 0.699339 0.025 0.0770925
14 0.2975 0.580396 0.025 0.0814978
37 0.596667 0.668502 0.0233333 0.0638767
14 0.2725 0.689427 0.0183333 0.0748899
14 0.3 0.699339 0.0266667 0.0859031
17 0.325833 0.454846 0.0216667 0.0903084
39 0.24 0.21696 0.0466667 0.0903084
1 0.969167 0.210352 0.0283333 0.112335
28 0.100833 0.462555 0.025 0.0792952
11 0.906667 0.344714 0.04 0.0947137
37 0.541667 0.345815 0.0266667 0.092511
17 0.215 0.340308 0.0466667 0.0991189
1 0.938333 0.210352 0.0233333 0.121145
26 0.749167 0.223568 0.0483333 0.0947137
18 0.525 0.45815 0.0233333 0.0837004
31 0.568333 0.660793 0.0266667 0.061674
24 0.750833 0.455947 0.0216667 0.0792952
25 0.706667 0.219163 0.0233333 0.0991189
1 0.985833 0.215859 0.0183333 0.114537
22 0.449167 0.811674 0.025 0.0770925
28 0.0283333 0.553965 0.0233333 0.0594714
11 0.864167 0.340308 0.0183333 0.0991189
2 0.0258333 0.188326 0.0283333 0.143172
34 0.524167 0.45815 0.025 0.0881057
13 0.465 0.672907 0.02 0.0682819
33 0.719167 0.800661 0.0216667 0.0726872
15 0.354167 0.571586 0.0283333 0.0814978
15 0.27 0.572687 0.02 0.0704846
6 0.965833 0.777533 0.0216667 0.061674
18 0.388333 0.459251 0.0366667 0.0947137
28 0.0541667 0.349119 0.0516667 0.0859031
25 0.616667 0.223568 0.0233333 0.0903084
27 0.235833 0.796256 0.0183333 0.0726872
18 0.551667 0.459251 0.0266667 0.0903084
14 0.355833 0.571586 0.025 0.0770925
6 0.985833 0.77533 0.0183333 0.0660793
4 0.985 0.560573 0.02 0.0859031
33 0.101667 0.462555 0.0233333 0.0792952
25 0.505 0.223568 0.0266667 0.0947137
14 0.359167 0.687225 0.0216667 0.0837004
15 0.321667 0.581498 0.0266667 0.0792952
18 0.226667 0.337004 0.0266667 0.105727
4 0.9025 0.21696 0.0183333 0.0991189
22 0.39 0.337004 0.0233333 0.0837004
22 0.419167 0.337004 0.025 0.0837004
27 0.179167 0.817181 0.0283333 0.0704846
39 0.376667 0.215859 0.0266667 0.101322
24 0.718333 0.564978 0.0233333 0.0814978
34 0.553333 0.45815 0.0233333 0.092511
11 0.983333 0.337004 0.0233333 0.092511
25 0.5325 0.220264 0.025 0.0969163
21 0.375 0.215859 0.03 0.0969163
31 0.438333 0.698238 0.0233333 0.0881057
21 0.473333 0.220264 0.0233333 0.0881057
32 0.6625 0.455947 0.0216667 0.0748899
33 0.694167 0.798458 0.0216667 0.0726872
28 0.718333 0.566079 0.0233333 0.0837004
14 0.330833 0.686123 0.0216667 0.0814978
15 0.421667 0.571586 0.0166667 0.0770925
17 0.1625 0.338106 0.0216667 0.0947137
18 0.355 0.460352 0.0266667 0.0969163
33 0.178333 0.462555 0.0233333 0.0881057
11 0.920833 0.342511 0.0216667 0.0991189
28 0.00833333 0.344714 0.0166667 0.0859031
33 0.113333 0.569383 0.0333333 0.0770925
15 0.295 0.581498 0.0266667 0.0748899
39 0.275 0.215859 0.0233333 0.0969163
15 0.398333 0.580396 0.0233333 0.0770925
11 0.8925 0.342511 0.025 0.103524
15 0.444167 0.563877 0.0216667 0.0792952
37 0.619167 0.659692 0.0216667 0.0594714
33 0.140833 0.452643 0.0283333 0.0859031
18 0.1975 0.340308 0.025 0.103524
14 0.3225 0.581498 0.025 0.0792952
31 0.498333 0.701542 0.0233333 0.0903084
4 0.800833 0.668502 0.0216667 0.0859031
25 0.648333 0.223568 0.0233333 0.0903084
17 0.293333 0.337004 0.0233333 0.101322
24 0.5275 0.79185 0.0216667 0.0770925
26 0.764167 0.220264 0.025 0.101322
24 0.503333 0.812775 0.0233333 0.0792952
11 0.955 0.335903 0.0233333 0.0991189
15 0.47 0.564978 0.0233333 0.0726872
27 0.2575 0.817181 0.0216667 0.0704846
4 0.853333 0.211454 0.0233333 0.114537
26 0.791667 0.218062 0.0233333 0.105727
18 0.414167 0.462555 0.025 0.101322
21 0.445 0.219163 0.0233333 0.0903084
31 0.6675 0.80837 0.0216667 0.0792952
31 0.550833 0.678414 0.0216667 0.0704846
39 0.226667 0.215859 0.0233333 0.092511
37 0.508333 0.346916 0.03 0.0991189
21 0.4075 0.218062 0.0283333 0.0969163
31 0.603333 0.774229 0.02 0.0594714
18 0.206667 0.465859 0.0266667 0.0991189
4 0.763333 0.669604 0.0233333 0.0792952
27 0.201667 0.816079 0.0233333 0.0682819
11 0.840833 0.343612 0.025 0.105727
17 0.264167 0.337004 0.025 0.101322
26 0.735833 0.218062 0.025 0.110132
28 0.765 0.578194 0.02 0.0814978
4 0.825833 0.211454 0.025 0.105727
4 0.878333 0.213656 0.0233333 0.110132
11 0.8125 0.344714 0.025 0.10793
25 0.5625 0.223568 0.025 0.0947137
31 0.579167 0.77533 0.0183333 0.061674
18 0.27 0.460352 0.03 0.101322
18 0.235833 0.46696 0.0316667 0.101322
25 0.59 0.223568 0.0266667 0.0991189
37 0.369167 0.814978 0.025 0.0748899
31 0.525 0.703744 0.0233333 0.0770925
31 0.6425 0.811674 0.025 0.0814978
18 0.470833 0.462555 0.025 0.101322
37 0.340833 0.813877 0.025 0.0682819
39 0.341667 0.213656 0.0266667 0.101322
39 0.2525 0.215859 0.0216667 0.101322
28 0.0691667 0.344714 0.0283333 0.0903084
28 0.0408333 0.344714 0.025 0.0903084
37 0.315 0.802863 0.02 0.0638767
18 0.440833 0.45815 0.025 0.101322
39 0.178333 0.212555 0.0266667 0.0991189
28 0.1375 0.339207 0.0216667 0.0837004
28 0.0183333 0.471366 0.0266667 0.0881057
22 0.446667 0.337004 0.0233333 0.0881057
28 0.0475 0.469163 0.0283333 0.0881057
39 0.3125 0.211454 0.0283333 0.105727
