32 0.183333 0.571586 0.02 0.0814978
20 0.12 0.813877 0.0233333 0.0726872
34 0.516667 0.461454 0.0566667 0.0903084
37 0.475833 0.809471 0.025 0.0814978
34 0.531667 0.465859 0.0266667 0.0947137
22 0.376667 0.34141 0.0266667 0.105727
14 0.299167 0.698238 0.025 0.0837004
32 0.6475 0.578194 0.0216667 0.0859031
33 0.719167 0.799559 0.0183333 0.0660793
37 0.573333 0.343612 0.0266667 0.0969163
31 0.618333 0.779736 0.0266667 0.061674
33 0.158333 0.571586 0.0266667 0.0814978
18 0.32 0.339207 0.0266667 0.114537
12 0.864167 0.795154 0.0216667 0.092511
31 0.669167 0.810573 0.0216667 0.0792952
18 0.386667 0.454846 0.0233333 0.0991189
31 0.509167 0.687225 0.0483333 0.0881057
12 0.843333 0.789648 0.03 0.0947137
18 0.590833 0.465859 0.0283333 0.0991189
13 0.4125 0.680617 0.0216667 0.0792952
19 0.32 0.335903 0.0266667 0.10793
28 0.744167 0.46696 0.0283333 0.092511
12 0.770833 0.798458 0.0216667 0.0947137
25 0.473333 0.213656 0.03 0.101322
37 0.5275 0.343612 0.0483333 0.092511
31 0.5675 0.685022 0.045 0.0792952
16 0.241667 0.697137 0.0266667 0.0770925
15 0.2075 0.575991 0.0216667 0.0814978
33 0.105833 0.465859 0.0283333 0.0903084
4 0.844167 0.679515 0.035 0.10793
3 0.84 0.575991 0.02 0.103524
10 0.959167 0.566079 0.0316667 0.0881057
15 0.235833 0.579295 0.025 0.0837004
17 0.32 0.337004 0.0266667 0.114537
33 0.015 0.814978 0.0266667 0.0748899
43 0.0133333 0.812775 0.0233333 0.0660793
31 0.476667 0.692731 0.0433333 0.0903084
25 0.525833 0.213656 0.055 0.101322
1 0.946667 0.20815 0.0433333 0.125551
10 0.9625 0.459251 0.0216667 0.0991189
12 0.793333 0.795154 0.02 0.0969163
25 0.591667 0.212555 0.0566667 0.0947137
1 0.983333 0.209251 0.0233333 0.118943
32 0.6175 0.57489 0.0216667 0.0837004
33 0.0975 0.571586 0.0183333 0.0726872
12 0.828333 0.459251 0.02 0.0991189
1 0.933333 0.204846 0.03 0.123348
33 0.618333 0.575991 0.0233333 0.0814978
18 0.356667 0.455947 0.0233333 0.101322
40 0.605 0.34141 0.0266667 0.092511
37 0.615 0.670705 0.0333333 0.0770925
10 0.97 0.567181 0.02 0.0903084
1 0.9675 0.205947 0.0416667 0.121145
18 0.498333 0.462555 0.0333333 0.0969163
37 0.543333 0.342511 0.0266667 0.0947137
26 0.786667 0.218062 0.05 0.0969163
27 0.120833 0.812775 0.025 0.0704846
22 0.45 0.811674 0.0266667 0.0814978
18 0.233333 0.464758 0.03 0.101322
11 0.989167 0.679515 0.015 0.0947137
11 0.936667 0.344714 0.0366667 0.103524
16 0.215833 0.698238 0.025 0.0792952
14 0.355833 0.693833 0.0216667 0.0837004
26 0.698333 0.21696 0.0233333 0.0947137
31 0.63 0.773128 0.02 0.061674
18 0.323333 0.45815 0.03 0.101322
18 0.29 0.339207 0.0266667 0.114537
28 0.105833 0.46696 0.0283333 0.092511
2 0.085 0.182819 0.03 0.145374
27 0.0941667 0.818282 0.0216667 0.0682819
20 0.085 0.812775 0.0266667 0.0704846
17 0.3575 0.457048 0.0316667 0.0991189
2 0.115 0.182819 0.0266667 0.136564
2 0.025 0.183921 0.03 0.160793
4 0.815833 0.679515 0.0216667 0.0947137
6 0.935 0.795154 0.02 0.101322
15 0.3225 0.578194 0.025 0.0859031
27 0.145833 0.813877 0.0283333 0.0726872
13 0.44 0.693833 0.0233333 0.0881057
14 0.295 0.580396 0.0233333 0.0859031
31 0.498333 0.694934 0.0233333 0.0947137
4 0.805 0.678414 0.02 0.0969163
15 0.381667 0.577093 0.0233333 0.0792952
28 0.015 0.701542 0.0266667 0.0814978
28 0.729167 0.571586 0.025 0.0814978
18 0.556667 0.570485 0.0266667 0.0837004
18 0.2625 0.464758 0.0283333 0.101322
18 0.293333 0.462555 0.03 0.101322
32 0.159167 0.570485 0.025 0.0792952
15 0.351667 0.579295 0.0266667 0.0748899
18 0.415 0.461454 0.0233333 0.0991189
15 0.470833 0.57489 0.025 0.0792952
14 0.321667 0.578194 0.0233333 0.0814978
34 0.590833 0.464758 0.025 0.0969163
26 0.739167 0.218062 0.0316667 0.092511
31 0.583333 0.792952 0.0233333 0.0704846
11 0.9675 0.681718 0.025 0.0947137
17 0.324167 0.459251 0.0283333 0.0991189
28 0.765833 0.580396 0.0216667 0.0859031
4 0.900833 0.212555 0.0183333 0.10793
18 0.500833 0.578194 0.025 0.0859031
4 0.829167 0.678414 0.0183333 0.092511
12 0.816667 0.796256 0.02 0.103524
27 0.230833 0.811674 0.0216667 0.0726872
25 0.506667 0.214758 0.0266667 0.0947137
18 0.205 0.46696 0.0266667 0.0969163
40 0.634167 0.34141 0.0283333 0.092511
15 0.440833 0.577093 0.0216667 0.0792952
32 0.653333 0.465859 0.0266667 0.0859031
22 0.465 0.345815 0.0266667 0.092511
17 0.29 0.335903 0.0266667 0.112335
27 0.256667 0.810573 0.0233333 0.0704846
26 0.801667 0.214758 0.0266667 0.0991189
28 0.0708333 0.700441 0.0283333 0.0792952
14 0.328333 0.696035 0.0233333 0.0837004
25 0.570833 0.215859 0.025 0.101322
4 0.829167 0.213656 0.0216667 0.105727
27 0.205833 0.801762 0.0216667 0.0704846
32 0.715833 0.468062 0.025 0.0859031
4 0.88 0.211454 0.02 0.110132
32 0.121667 0.581498 0.0266667 0.0837004
26 0.7725 0.214758 0.025 0.0991189
15 0.410833 0.579295 0.025 0.0792952
15 0.295 0.580396 0.0266667 0.0770925
11 0.925 0.340308 0.0233333 0.0991189
24 0.503333 0.805066 0.0233333 0.0859031
18 0.5275 0.577093 0.025 0.0881057
24 0.744167 0.465859 0.025 0.0814978
24 0.529167 0.79185 0.0216667 0.0770925
33 0.121667 0.580396 0.0266667 0.0814978
28 0.0433333 0.702643 0.0266667 0.0792952
18 0.470833 0.460352 0.025 0.101322
33 0.696667 0.810573 0.0233333 0.0748899
31 0.605833 0.786344 0.0183333 0.0660793
25 0.541667 0.214758 0.0266667 0.0991189
32 0.684167 0.46696 0.025 0.0881057
27 0.1775 0.811674 0.025 0.0726872
4 0.856667 0.209251 0.0233333 0.110132
34 0.561667 0.46696 0.0266667 0.0969163
22 0.4325 0.344714 0.0283333 0.0991189
11 0.948333 0.34141 0.02 0.0969163
28 0.0758333 0.469163 0.0316667 0.0881057
31 0.5225 0.686123 0.0216667 0.0814978
25 0.670833 0.215859 0.0283333 0.0969163
33 0.168333 0.468062 0.03 0.0903084
37 0.578333 0.682819 0.02 0.0837004
37 0.513333 0.345815 0.0266667 0.092511
4 0.7825 0.683921 0.0216667 0.112335
37 0.625833 0.671806 0.0216667 0.0792952
11 0.834167 0.340308 0.0283333 0.0991189
18 0.4425 0.460352 0.025 0.0969163
11 0.9725 0.335903 0.025 0.0991189
31 0.551667 0.685022 0.0233333 0.0881057
11 0.896667 0.340308 0.0233333 0.103524
24 0.554167 0.796256 0.0216667 0.0726872
33 0.0583333 0.584802 0.0266667 0.0814978
39 0.175 0.209251 0.03 0.101322
37 0.603333 0.67511 0.02 0.0814978
37 0.34 0.812775 0.0233333 0.0792952
37 0.288333 0.811674 0.0233333 0.0726872
21 0.374167 0.213656 0.0283333 0.101322
39 0.305 0.211454 0.0266667 0.105727
37 0.314167 0.812775 0.025 0.0792952
28 0.0591667 0.345815 0.0283333 0.092511
21 0.4725 0.213656 0.025 0.101322
28 0.0183333 0.470264 0.0266667 0.0903084
39 0.216667 0.212555 0.0233333 0.0947137
39 0.339167 0.211454 0.0316667 0.101322
21 0.440833 0.210352 0.0316667 0.103524
33 0.138333 0.46696 0.0266667 0.092511
21 0.409167 0.213656 0.0283333 0.101322
28 0.045 0.46696 0.03 0.092511
39 0.243333 0.212555 0.0266667 0.0991189
11 0.8675 0.338106 0.025 0.103524
28 0.0266667 0.35022 0.03 0.092511
25 0.609167 0.21696 0.0283333 0.103524
25 0.640833 0.218062 0.0283333 0.101322
