14 0.295833 0.579295 0.025 0.0837004
30 0.129167 0.701542 0.0283333 0.0770925
32 0.653333 0.46696 0.0266667 0.092511
25 0.770833 0.215859 0.0316667 0.101322
32 0.621667 0.46696 0.0266667 0.092511
14 0.270833 0.698238 0.025 0.0837004
32 0.648333 0.577093 0.0233333 0.0881057
4 0.819167 0.687225 0.0383333 0.0881057
2 0.111667 0.192731 0.03 0.147577
4 0.835 0.571586 0.02 0.0770925
27 0.0925 0.816079 0.025 0.0682819
43 0.0125 0.813877 0.025 0.0638767
28 0.0591667 0.468062 0.0616667 0.0903084
22 0.3775 0.342511 0.025 0.103524
8 0.859167 0.690529 0.0383333 0.0991189
17 0.293333 0.461454 0.0266667 0.0991189
27 0.223333 0.812775 0.04 0.0660793
32 0.563333 0.579295 0.0233333 0.0837004
32 0.175833 0.579295 0.025 0.0881057
27 0.241667 0.811674 0.0466667 0.0682819
40 0.669167 0.340308 0.025 0.0947137
11 0.914167 0.343612 0.045 0.0881057
32 0.675833 0.579295 0.025 0.0881057
37 0.299167 0.811674 0.0516667 0.0770925
17 0.324167 0.461454 0.025 0.103524
24 0.0275 0.582599 0.025 0.0814978
14 0.300833 0.697137 0.025 0.0859031
24 0.748333 0.579295 0.05 0.0748899
39 0.321667 0.207048 0.06 0.105727
39 0.293333 0.20815 0.06 0.10793
4 0.813333 0.683921 0.0166667 0.0814978
32 0.715 0.470264 0.03 0.0859031
22 0.450833 0.809471 0.025 0.0814978
10 0.985833 0.463656 0.0216667 0.0903084
15 0.324167 0.578194 0.025 0.0859031
16 0.243333 0.697137 0.0266667 0.0770925
26 0.755833 0.215859 0.055 0.101322
18 0.233333 0.463656 0.0266667 0.0991189
37 0.573333 0.342511 0.0266667 0.103524
34 0.504167 0.465859 0.025 0.0991189
34 0.564167 0.464758 0.0283333 0.0969163
28 0.754167 0.696035 0.025 0.0881057
27 0.12 0.811674 0.0233333 0.0682819
11 0.796667 0.798458 0.0233333 0.0859031
11 0.818333 0.800661 0.02 0.0859031
25 0.625833 0.215859 0.055 0.101322
1 0.984167 0.210352 0.0216667 0.10793
32 0.620833 0.578194 0.025 0.0859031
4 0.841667 0.686123 0.0366667 0.0903084
18 0.293333 0.462555 0.03 0.101322
33 0.0583333 0.580396 0.0233333 0.0814978
11 0.9725 0.686123 0.025 0.0903084
12 0.818333 0.800661 0.02 0.0859031
18 0.248333 0.338106 0.03 0.10793
8 0.8975 0.689427 0.0216667 0.0969163
26 0.708333 0.213656 0.03 0.110132
2 0.0516667 0.193833 0.0233333 0.136564
34 0.530833 0.468062 0.0283333 0.0991189
28 0.015 0.701542 0.0266667 0.0814978
4 0.804167 0.682819 0.0216667 0.0881057
40 0.638333 0.343612 0.0266667 0.0969163
28 0.734167 0.580396 0.025 0.0859031
15 0.384167 0.575991 0.025 0.0814978
18 0.2625 0.462555 0.0283333 0.0969163
15 0.205 0.577093 0.0233333 0.0748899
14 0.356667 0.694934 0.0233333 0.0814978
18 0.323333 0.460352 0.0266667 0.105727
2 0.0233333 0.189427 0.0233333 0.145374
27 0.146667 0.813877 0.0266667 0.0726872
32 0.119167 0.580396 0.025 0.0859031
33 0.0875 0.579295 0.025 0.0792952
24 0.756667 0.697137 0.0233333 0.0859031
28 0.0741667 0.704846 0.025 0.0748899
28 0.7625 0.582599 0.0283333 0.0859031
32 0.145 0.581498 0.0266667 0.0881057
2 0.0858333 0.194934 0.025 0.138767
1 0.973333 0.209251 0.0266667 0.105727
31 0.5875 0.80837 0.025 0.0837004
25 0.569167 0.215859 0.0216667 0.0969163
26 0.801667 0.215859 0.0266667 0.101322
16 0.2175 0.698238 0.025 0.0792952
32 0.68 0.46696 0.0366667 0.0881057
14 0.323333 0.577093 0.0233333 0.0792952
20 0.0925 0.814978 0.0216667 0.0704846
18 0.383333 0.461454 0.0266667 0.103524
15 0.263333 0.577093 0.0233333 0.0792952
24 0.533333 0.80837 0.0266667 0.0837004
4 0.879167 0.21696 0.025 0.0991189
18 0.443333 0.461454 0.0266667 0.0991189
13 0.44 0.696035 0.0233333 0.0881057
2 0.141667 0.189427 0.0233333 0.145374
15 0.2375 0.579295 0.025 0.0748899
28 0.00666667 0.578194 0.0133333 0.0814978
37 0.5425 0.34141 0.0283333 0.0969163
15 0.294167 0.579295 0.0283333 0.0792952
18 0.473333 0.461454 0.0266667 0.0991189
4 0.831667 0.215859 0.0233333 0.092511
11 0.975833 0.34141 0.025 0.0969163
17 0.245833 0.338106 0.0283333 0.10793
18 0.215 0.338106 0.0266667 0.10793
31 0.555 0.693833 0.0233333 0.0881057
12 0.864167 0.798458 0.0216667 0.0903084
28 0.1075 0.465859 0.0283333 0.0947137
15 0.353333 0.579295 0.0266667 0.0748899
28 0.0766667 0.468062 0.0266667 0.0947137
26 0.771667 0.21696 0.0266667 0.10793
28 0.045 0.703744 0.0266667 0.0770925
31 0.5275 0.692731 0.025 0.0903084
31 0.6175 0.810573 0.025 0.0748899
25 0.706667 0.214758 0.0266667 0.103524
15 0.440833 0.575991 0.0216667 0.0859031
14 0.329167 0.697137 0.025 0.0859031
24 0.504167 0.805066 0.025 0.0770925
11 0.953333 0.343612 0.0266667 0.0969163
15 0.410833 0.578194 0.025 0.0814978
1 0.935 0.211454 0.0266667 0.110132
39 0.339167 0.210352 0.0283333 0.103524
4 0.856667 0.214758 0.0233333 0.0947137
25 0.5775 0.214758 0.025 0.103524
37 0.511667 0.342511 0.0266667 0.0991189
18 0.351667 0.462555 0.03 0.101322
24 0.763333 0.580396 0.0266667 0.0859031
24 0.734167 0.580396 0.025 0.0859031
18 0.413333 0.462555 0.0266667 0.105727
31 0.669167 0.810573 0.025 0.0748899
33 0.725833 0.811674 0.025 0.0770925
27 0.203333 0.811674 0.0233333 0.0726872
27 0.258333 0.811674 0.0233333 0.0726872
28 0.0275 0.579295 0.025 0.0792952
22 0.473333 0.342511 0.0266667 0.0991189
27 0.175 0.814978 0.0233333 0.0704846
18 0.204167 0.464758 0.0283333 0.0969163
31 0.643333 0.810573 0.0233333 0.0792952
4 0.829167 0.683921 0.0216667 0.0814978
11 0.9275 0.342511 0.025 0.0991189
4 0.780833 0.687225 0.0183333 0.0881057
26 0.738333 0.215859 0.0266667 0.0969163
33 0.699167 0.811674 0.025 0.0814978
17 0.215 0.339207 0.0266667 0.105727
15 0.469167 0.578194 0.025 0.0814978
24 0.56 0.809471 0.0266667 0.0770925
17 0.185833 0.340308 0.025 0.10793
33 0.170833 0.465859 0.0283333 0.0947137
11 0.8025 0.340308 0.0216667 0.0903084
25 0.6075 0.212555 0.0283333 0.10793
39 0.1775 0.211454 0.0283333 0.101322
22 0.444167 0.340308 0.025 0.0991189
21 0.375 0.211454 0.0266667 0.105727
21 0.475 0.212555 0.0266667 0.103524
39 0.310833 0.209251 0.0283333 0.110132
37 0.2875 0.809471 0.025 0.0726872
28 0.0183333 0.468062 0.0266667 0.0814978
37 0.341667 0.812775 0.0233333 0.0748899
22 0.411667 0.34141 0.0266667 0.105727
37 0.368333 0.810573 0.0266667 0.0792952
37 0.581667 0.696035 0.0233333 0.0881057
28 0.0458333 0.46696 0.0283333 0.092511
11 0.870833 0.343612 0.025 0.0881057
37 0.314167 0.812775 0.025 0.0748899
39 0.208333 0.211454 0.03 0.101322
33 0.138333 0.468062 0.0266667 0.0947137
37 0.6125 0.694934 0.025 0.0903084
21 0.441667 0.209251 0.0333333 0.105727
39 0.275833 0.210352 0.0283333 0.112335
21 0.4075 0.213656 0.0283333 0.101322
39 0.2425 0.210352 0.0283333 0.103524
11 0.900833 0.344714 0.0216667 0.0947137
28 0.0591667 0.343612 0.0283333 0.092511
37 0.6375 0.693833 0.0216667 0.0881057
25 0.673333 0.213656 0.03 0.105727
28 0.0275 0.346916 0.0283333 0.0947137
11 0.830833 0.343612 0.0283333 0.092511
25 0.6425 0.21696 0.0283333 0.10793
