37 0.298333 0.812775 0.05 0.0748899
37 0.526667 0.345815 0.0533333 0.092511
28 0.803333 0.464758 0.02 0.092511
11 0.796667 0.797357 0.03 0.0881057
21 0.485833 0.210352 0.0583333 0.0991189
18 0.510833 0.579295 0.0516667 0.0881057
33 0.105 0.465859 0.0266667 0.0947137
14 0.299167 0.699339 0.025 0.0814978
22 0.3425 0.338106 0.0283333 0.112335
4 0.813333 0.681718 0.02 0.0814978
27 0.2425 0.811674 0.0483333 0.0682819
24 0.791667 0.465859 0.0466667 0.0814978
22 0.284167 0.34141 0.025 0.105727
16 0.243333 0.698238 0.03 0.0748899
32 0.715 0.468062 0.0266667 0.0903084
27 0.0916667 0.814978 0.0233333 0.0704846
8 0.859167 0.692731 0.0416667 0.0991189
10 0.895 0.462555 0.0233333 0.0881057
11 0.9125 0.345815 0.0416667 0.0881057
34 0.5175 0.465859 0.0583333 0.0903084
27 0.215833 0.813877 0.045 0.0682819
14 0.294167 0.579295 0.025 0.0837004
33 0.77 0.802863 0.02 0.0903084
24 0.0075 0.578194 0.015 0.0814978
41 0.606667 0.345815 0.0266667 0.092511
12 0.7875 0.797357 0.0316667 0.0881057
12 0.828333 0.463656 0.02 0.0903084
24 0.5175 0.807269 0.055 0.0814978
6 0.981667 0.797357 0.0233333 0.0837004
4 0.9 0.214758 0.0266667 0.103524
17 0.291667 0.465859 0.0266667 0.0947137
10 0.9625 0.465859 0.0216667 0.0947137
4 0.835833 0.572687 0.0216667 0.0792952
18 0.5 0.464758 0.0266667 0.0969163
28 0.761667 0.582599 0.0266667 0.0814978
18 0.233333 0.464758 0.0233333 0.0969163
18 0.19 0.340308 0.0266667 0.10793
18 0.324167 0.463656 0.0283333 0.0991189
12 0.771667 0.799559 0.02 0.0881057
37 0.595833 0.694934 0.0516667 0.0859031
31 0.4975 0.696035 0.025 0.092511
10 0.985 0.46696 0.02 0.0881057
13 0.410833 0.696035 0.0283333 0.0837004
17 0.323333 0.464758 0.0266667 0.0969163
32 0.176667 0.581498 0.0233333 0.0837004
11 0.9475 0.686123 0.0216667 0.0859031
2 0.114167 0.190529 0.0283333 0.147577
37 0.573333 0.343612 0.0266667 0.0969163
6 0.935 0.796256 0.02 0.0903084
14 0.355 0.697137 0.0233333 0.0814978
27 0.119167 0.812775 0.025 0.0704846
18 0.3825 0.461454 0.025 0.0991189
4 0.841667 0.687225 0.0366667 0.092511
25 0.525833 0.213656 0.055 0.101322
37 0.326667 0.809471 0.05 0.0726872
28 0.7775 0.465859 0.025 0.0859031
33 0.0608333 0.579295 0.025 0.0792952
26 0.786667 0.218062 0.05 0.0969163
28 0.734167 0.581498 0.025 0.0837004
28 0.0075 0.579295 0.015 0.0792952
25 0.5925 0.211454 0.0583333 0.101322
40 0.668333 0.348018 0.0266667 0.092511
17 0.186667 0.339207 0.0266667 0.105727
11 0.97 0.685022 0.0233333 0.0881057
27 0.146667 0.813877 0.0266667 0.0726872
15 0.26 0.577093 0.02 0.0748899
32 0.621667 0.46696 0.0266667 0.0969163
25 0.7075 0.213656 0.025 0.105727
11 0.816667 0.799559 0.02 0.0881057
32 0.651667 0.46696 0.0266667 0.092511
34 0.561667 0.470264 0.0266667 0.0947137
18 0.2625 0.462555 0.0283333 0.0969163
24 0.0283333 0.580396 0.0233333 0.0770925
15 0.204167 0.578194 0.025 0.0814978
20 0.0908333 0.816079 0.0216667 0.0726872
34 0.59 0.46696 0.0266667 0.101322
15 0.235833 0.578194 0.025 0.0726872
22 0.448333 0.80837 0.0266667 0.0837004
11 0.986667 0.679515 0.0166667 0.0903084
18 0.2925 0.463656 0.0283333 0.0947137
28 0.0716667 0.702643 0.0266667 0.0748899
40 0.638333 0.345815 0.03 0.092511
18 0.353333 0.463656 0.0266667 0.0991189
34 0.503333 0.46696 0.02 0.101322
33 0.0891667 0.580396 0.025 0.0814978
16 0.215833 0.698238 0.025 0.0792952
1 0.93 0.209251 0.0233333 0.110132
28 0.0141667 0.701542 0.025 0.0770925
12 0.864167 0.798458 0.0216667 0.0859031
1 0.985 0.212555 0.0233333 0.10793
26 0.801667 0.215859 0.0266667 0.101322
28 0.0425 0.702643 0.025 0.0748899
1 0.958333 0.20815 0.0266667 0.112335
15 0.320833 0.579295 0.025 0.0748899
26 0.705 0.215859 0.0266667 0.0969163
18 0.470833 0.463656 0.025 0.0991189
24 0.7625 0.580396 0.025 0.0814978
18 0.220833 0.339207 0.025 0.110132
34 0.530833 0.46696 0.0283333 0.101322
4 0.801667 0.687225 0.0266667 0.092511
32 0.119167 0.581498 0.025 0.0837004
13 0.44 0.694934 0.0233333 0.0859031
14 0.321667 0.580396 0.0233333 0.0814978
22 0.470833 0.344714 0.025 0.0947137
2 0.085 0.193833 0.0266667 0.14978
18 0.441667 0.462555 0.0266667 0.092511
4 0.88 0.215859 0.0233333 0.101322
24 0.745 0.468062 0.0266667 0.0814978
24 0.530833 0.807269 0.025 0.0814978
31 0.586667 0.809471 0.0266667 0.0814978
32 0.683333 0.468062 0.03 0.0903084
24 0.734167 0.580396 0.025 0.0814978
2 0.0208333 0.188326 0.0283333 0.147577
14 0.326667 0.696035 0.0233333 0.0837004
18 0.4125 0.462555 0.025 0.101322
2 0.0533333 0.192731 0.03 0.138767
37 0.5425 0.343612 0.0283333 0.092511
26 0.771667 0.21696 0.0266667 0.103524
18 0.558333 0.577093 0.0233333 0.0837004
4 0.83 0.21696 0.0233333 0.0947137
32 0.1475 0.580396 0.0283333 0.0859031
15 0.381667 0.57489 0.0233333 0.0792952
15 0.293333 0.579295 0.0266667 0.0792952
28 0.105 0.469163 0.03 0.092511
25 0.573333 0.214758 0.0266667 0.103524
28 0.0258333 0.580396 0.025 0.0770925
11 0.925833 0.343612 0.025 0.0969163
2 0.14 0.187225 0.0266667 0.14978
24 0.504167 0.807269 0.025 0.0814978
17 0.250833 0.338106 0.025 0.103524
22 0.375833 0.342511 0.0283333 0.103524
27 0.2025 0.809471 0.025 0.0726872
33 0.166667 0.468062 0.0266667 0.0903084
11 0.951667 0.343612 0.0233333 0.092511
33 0.723333 0.814978 0.0233333 0.0748899
28 0.149167 0.342511 0.0283333 0.0991189
15 0.440833 0.577093 0.0216667 0.0837004
27 0.255833 0.811674 0.025 0.0682819
17 0.219167 0.337004 0.025 0.105727
4 0.856667 0.214758 0.0233333 0.0947137
18 0.5 0.577093 0.0233333 0.0881057
18 0.53 0.578194 0.0266667 0.0903084
4 0.83 0.682819 0.02 0.0792952
27 0.175 0.812775 0.0233333 0.0704846
25 0.5425 0.214758 0.0283333 0.10793
31 0.5525 0.692731 0.025 0.0859031
15 0.469167 0.578194 0.025 0.0814978
15 0.351667 0.580396 0.0266667 0.0770925
26 0.7375 0.21696 0.0283333 0.0991189
24 0.558333 0.807269 0.0266667 0.0814978
18 0.204167 0.46696 0.0283333 0.092511
15 0.410833 0.578194 0.025 0.0814978
37 0.286667 0.810573 0.0233333 0.0704846
11 0.975 0.342511 0.0266667 0.0991189
31 0.6175 0.810573 0.0216667 0.0704846
37 0.5075 0.343612 0.0283333 0.101322
31 0.641667 0.811674 0.0233333 0.0726872
22 0.44 0.342511 0.0266667 0.0991189
11 0.898333 0.344714 0.0233333 0.0947137
33 0.6975 0.812775 0.025 0.0792952
22 0.41 0.343612 0.0266667 0.101322
25 0.506667 0.212555 0.0266667 0.103524
37 0.341667 0.811674 0.0233333 0.0770925
21 0.473333 0.212555 0.0266667 0.103524
31 0.668333 0.809471 0.0233333 0.0770925
31 0.524167 0.692731 0.025 0.0903084
11 0.87 0.346916 0.0266667 0.0991189
37 0.313333 0.812775 0.0233333 0.0748899
4 0.778333 0.690529 0.0233333 0.0991189
37 0.368333 0.80837 0.0266667 0.0792952
28 0.075 0.46696 0.0266667 0.092511
39 0.175 0.209251 0.03 0.105727
28 0.119167 0.34141 0.0283333 0.101322
39 0.304167 0.213656 0.0316667 0.101322
33 0.136667 0.468062 0.0266667 0.0947137
37 0.580833 0.697137 0.025 0.0859031
21 0.371667 0.211454 0.0266667 0.110132
37 0.610833 0.697137 0.025 0.0859031
28 0.0441667 0.465859 0.0283333 0.0947137
39 0.34 0.210352 0.0333333 0.10793
11 0.8325 0.343612 0.025 0.0969163
25 0.670833 0.215859 0.0283333 0.101322
28 0.0175 0.470264 0.0283333 0.0903084
28 0.0533333 0.342511 0.0266667 0.0991189
28 0.0225 0.344714 0.0283333 0.0991189
37 0.635833 0.694934 0.0216667 0.0859031
25 0.609167 0.21696 0.0283333 0.10793
39 0.240833 0.211454 0.025 0.105727
21 0.405 0.212555 0.03 0.10793
21 0.44 0.210352 0.03 0.10793
28 0.0858333 0.344714 0.0283333 0.0991189
39 0.206667 0.209251 0.03 0.105727
25 0.641667 0.215859 0.03 0.105727
