40 0.669167 0.346916 0.0316667 0.0991189
11 0.991667 0.346916 0.0166667 0.0903084
25 0.634167 0.221366 0.055 0.0903084
37 0.525833 0.344714 0.0483333 0.0903084
28 0.0325 0.559471 0.0416667 0.061674
11 0.966667 0.3337 0.0333333 0.0814978
17 0.243333 0.338106 0.0566667 0.0991189
37 0.5725 0.659692 0.0183333 0.0682819
20 0.120833 0.817181 0.025 0.0748899
11 0.8625 0.34141 0.0183333 0.101322
12 0.8225 0.796256 0.0216667 0.0903084
37 0.571667 0.344714 0.0266667 0.0947137
36 0.643333 0.569383 0.02 0.0859031
32 0.665 0.465859 0.05 0.0814978
4 0.820833 0.568282 0.0183333 0.092511
40 0.605 0.344714 0.0266667 0.0947137
11 0.910833 0.343612 0.0416667 0.0969163
22 0.45 0.810573 0.0233333 0.0792952
17 0.325833 0.455947 0.0216667 0.092511
37 0.333333 0.805066 0.04 0.0682819
43 0.0116667 0.816079 0.02 0.0726872
37 0.356667 0.814978 0.05 0.0704846
27 0.154167 0.803965 0.0183333 0.0704846
22 0.384167 0.337004 0.0283333 0.092511
1 0.970833 0.211454 0.0283333 0.105727
25 0.5225 0.218062 0.0483333 0.092511
37 0.585833 0.659692 0.0383333 0.0594714
34 0.594167 0.465859 0.0383333 0.0947137
17 0.215 0.340308 0.05 0.0991189
15 0.260833 0.579295 0.0216667 0.0704846
33 0.164167 0.463656 0.0516667 0.0859031
11 0.828333 0.342511 0.0466667 0.0947137
43 0.0316667 0.694934 0.0233333 0.0814978
4 0.8025 0.674009 0.035 0.0837004
34 0.526667 0.45815 0.0266667 0.0881057
39 0.376667 0.21696 0.0266667 0.103524
14 0.294167 0.582599 0.0283333 0.0814978
2 0.0541667 0.186123 0.025 0.147577
22 0.361667 0.337004 0.04 0.092511
25 0.473333 0.219163 0.0266667 0.0991189
14 0.356667 0.686123 0.0233333 0.0859031
31 0.568333 0.660793 0.0266667 0.061674
28 0.0566667 0.343612 0.0433333 0.0837004
27 0.235833 0.795154 0.0183333 0.0704846
11 0.955833 0.331498 0.025 0.0859031
27 0.0925 0.818282 0.025 0.0682819
25 0.708333 0.218062 0.0233333 0.0969163
32 0.163333 0.569383 0.0266667 0.0814978
26 0.779167 0.219163 0.0383333 0.0991189
28 0.0575 0.692731 0.0216667 0.0770925
33 0.723333 0.803965 0.02 0.0748899
37 0.543333 0.344714 0.0266667 0.0903084
18 0.56 0.46696 0.0266667 0.101322
15 0.323333 0.581498 0.0266667 0.0837004
5 0.894167 0.460352 0.025 0.101322
14 0.355833 0.571586 0.025 0.0814978
1 0.985833 0.214758 0.0183333 0.103524
32 0.616667 0.459251 0.0233333 0.0859031
15 0.355 0.571586 0.0266667 0.0814978
6 0.94 0.78304 0.02 0.0903084
18 0.3875 0.460352 0.0316667 0.0969163
5 0.87 0.45815 0.02 0.105727
13 0.411667 0.694934 0.0233333 0.0814978
37 0.596667 0.668502 0.0233333 0.0638767
13 0.439167 0.698238 0.025 0.0881057
21 0.473333 0.219163 0.0266667 0.0991189
15 0.4225 0.570485 0.0183333 0.0748899
43 0.0666667 0.813877 0.0233333 0.0682819
13 0.465833 0.671806 0.0216667 0.0704846
11 0.986667 0.338106 0.02 0.0903084
14 0.331667 0.685022 0.0233333 0.0837004
18 0.355833 0.459251 0.025 0.0991189
15 0.294167 0.581498 0.0283333 0.0792952
27 0.119167 0.813877 0.025 0.0682819
15 0.460833 0.55837 0.035 0.0770925
1 0.938333 0.20815 0.0233333 0.121145
28 0.0441667 0.563877 0.025 0.0748899
2 0.0983333 0.189427 0.0266667 0.136564
25 0.508333 0.218062 0.0266667 0.0969163
33 0.12 0.57489 0.0266667 0.0792952
18 0.228333 0.337004 0.0266667 0.105727
22 0.325 0.337004 0.0233333 0.0969163
8 0.850833 0.682819 0.0216667 0.101322
15 0.238333 0.581498 0.0233333 0.0704846
20 0.09 0.817181 0.0233333 0.0748899
6 0.990833 0.789648 0.015 0.0947137
11 0.925833 0.342511 0.0216667 0.0991189
40 0.6375 0.344714 0.0283333 0.0991189
11 0.8175 0.34141 0.0216667 0.105727
11 0.8425 0.34141 0.025 0.105727
17 0.295 0.337004 0.0233333 0.0969163
39 0.273333 0.21696 0.0233333 0.0947137
2 0.0233333 0.183921 0.0266667 0.151982
26 0.764167 0.219163 0.025 0.0991189
6 0.896667 0.786344 0.02 0.0881057
6 0.918333 0.781938 0.02 0.0881057
25 0.535833 0.220264 0.0216667 0.0969163
4 0.851667 0.681718 0.0233333 0.112335
33 0.163333 0.571586 0.0266667 0.0770925
18 0.199167 0.339207 0.025 0.105727
4 0.975833 0.559471 0.0316667 0.0881057
34 0.560833 0.468062 0.0283333 0.0991189
37 0.619167 0.659692 0.0216667 0.0550661
28 0.0183333 0.560573 0.0233333 0.0638767
15 0.399167 0.580396 0.025 0.0770925
21 0.445 0.21696 0.0233333 0.0947137
33 0.0766667 0.463656 0.0266667 0.0859031
24 0.751667 0.453745 0.0233333 0.0792952
31 0.500833 0.702643 0.025 0.0792952
6 0.964167 0.774229 0.0216667 0.0770925
27 0.1775 0.814978 0.0216667 0.0704846
17 0.264167 0.337004 0.025 0.101322
15 0.444167 0.563877 0.0216667 0.0837004
28 0.0775 0.46696 0.025 0.092511
32 0.649167 0.465859 0.025 0.0859031
18 0.414167 0.462555 0.025 0.101322
22 0.414167 0.337004 0.0316667 0.092511
4 0.791667 0.674009 0.0166667 0.0969163
32 0.121667 0.579295 0.0266667 0.0837004
14 0.323333 0.581498 0.0233333 0.0837004
25 0.6475 0.221366 0.025 0.0947137
31 0.668333 0.80837 0.0233333 0.0792952
28 0.733333 0.578194 0.02 0.0859031
21 0.374167 0.215859 0.0283333 0.101322
4 0.853333 0.211454 0.0233333 0.110132
26 0.735833 0.218062 0.025 0.101322
15 0.471667 0.566079 0.0233333 0.0748899
4 0.825833 0.211454 0.025 0.105727
31 0.643333 0.810573 0.0233333 0.0792952
25 0.616667 0.221366 0.02 0.0903084
27 0.256667 0.814978 0.0233333 0.0748899
4 0.879167 0.213656 0.0216667 0.105727
18 0.27 0.455947 0.03 0.101322
28 0.153333 0.338106 0.0233333 0.0903084
24 0.503333 0.812775 0.0233333 0.0792952
25 0.590833 0.220264 0.025 0.0969163
27 0.201667 0.816079 0.0233333 0.0682819
28 0.760833 0.577093 0.025 0.0881057
25 0.563333 0.222467 0.0266667 0.092511
31 0.551667 0.674009 0.02 0.0660793
18 0.205833 0.465859 0.0283333 0.0991189
24 0.5275 0.789648 0.0216667 0.0770925
37 0.511667 0.346916 0.0266667 0.0903084
39 0.3425 0.213656 0.0283333 0.105727
33 0.698333 0.810573 0.0233333 0.0792952
18 0.471667 0.461454 0.0266667 0.0991189
26 0.7925 0.218062 0.025 0.105727
33 0.0883333 0.569383 0.0266667 0.0726872
11 0.896667 0.343612 0.0233333 0.105727
32 0.6775 0.464758 0.0216667 0.0837004
18 0.235833 0.46696 0.0316667 0.101322
31 0.525833 0.702643 0.0216667 0.0792952
33 0.181667 0.463656 0.0233333 0.0903084
39 0.176667 0.211454 0.0266667 0.101322
28 0.0708333 0.34141 0.025 0.092511
31 0.606667 0.784141 0.0233333 0.0748899
37 0.3425 0.813877 0.025 0.0682819
37 0.368333 0.813877 0.0233333 0.0770925
37 0.315833 0.801762 0.0216667 0.0660793
18 0.4425 0.459251 0.025 0.0991189
4 0.774167 0.682819 0.025 0.092511
4 0.815 0.674009 0.0233333 0.0969163
28 0.0183333 0.470264 0.0266667 0.0903084
21 0.408333 0.21696 0.0366667 0.0991189
33 0.149167 0.465859 0.025 0.0859031
31 0.5825 0.786344 0.0216667 0.0748899
39 0.3125 0.212555 0.0283333 0.10793
39 0.2075 0.213656 0.0283333 0.0969163
22 0.445 0.337004 0.0233333 0.0881057
39 0.2425 0.214758 0.025 0.0991189
28 0.0458333 0.468062 0.0283333 0.0947137
28 0.0241667 0.348018 0.0283333 0.092511
28 0.101667 0.346916 0.0266667 0.0947137
