32 0.606667 0.557269 0.02 0.0704846
11 0.889167 0.671806 0.015 0.0969163
33 0.0791667 0.573789 0.025 0.0770925
12 0.891667 0.797357 0.0266667 0.101322
33 0.1875 0.571586 0.025 0.0947137
33 0.125833 0.468062 0.0516667 0.0903084
24 0.759167 0.696035 0.025 0.0837004
11 0.8725 0.340308 0.045 0.103524
14 0.301667 0.698238 0.0266667 0.0837004
28 0.0433333 0.555066 0.0233333 0.0660793
31 0.6025 0.801762 0.0283333 0.0748899
33 0.504167 0.568282 0.0216667 0.0792952
18 0.403333 0.461454 0.06 0.0903084
21 0.395 0.212555 0.0466667 0.103524
41 0.605 0.343612 0.03 0.092511
10 0.961667 0.459251 0.0233333 0.0991189
18 0.249167 0.331498 0.0216667 0.0991189
10 0.973333 0.570485 0.02 0.092511
24 0.504167 0.792952 0.025 0.0792952
31 0.515833 0.699339 0.0483333 0.0859031
39 0.294167 0.210352 0.0583333 0.103524
37 0.398333 0.811674 0.0233333 0.0726872
33 0.0975 0.570485 0.0183333 0.0748899
2 0.0125 0.187225 0.0216667 0.145374
15 0.239167 0.580396 0.0216667 0.0726872
27 0.220833 0.817181 0.045 0.0660793
28 0.0508333 0.567181 0.0283333 0.0682819
20 0.0933333 0.816079 0.0233333 0.0682819
24 0.53 0.792952 0.0233333 0.0792952
14 0.276667 0.686123 0.02 0.0726872
27 0.154167 0.803965 0.0183333 0.0660793
25 0.709167 0.214758 0.025 0.0991189
5 0.944167 0.454846 0.0216667 0.0991189
11 0.985 0.339207 0.0233333 0.101322
37 0.575 0.342511 0.0266667 0.0991189
1 0.955833 0.214758 0.0183333 0.0991189
14 0.329167 0.568282 0.025 0.0792952
37 0.299167 0.813877 0.0483333 0.0726872
39 0.259167 0.214758 0.055 0.103524
15 0.331667 0.567181 0.0266667 0.0814978
33 0.534167 0.579295 0.025 0.092511
11 0.960833 0.790749 0.0216667 0.092511
27 0.24 0.816079 0.04 0.0682819
31 0.629167 0.801762 0.0383333 0.0792952
22 0.381667 0.34141 0.0266667 0.101322
43 0.0116667 0.816079 0.0233333 0.0638767
33 0.109167 0.468062 0.0283333 0.0947137
12 0.914167 0.795154 0.0216667 0.105727
11 0.829167 0.787445 0.0183333 0.0903084
16 0.254167 0.689427 0.0216667 0.0792952
1 0.929167 0.209251 0.0216667 0.101322
31 0.576667 0.674009 0.02 0.061674
14 0.300833 0.570485 0.0283333 0.0792952
28 0.735833 0.580396 0.025 0.0859031
2 0.118333 0.190529 0.0266667 0.143172
31 0.501667 0.698238 0.0233333 0.092511
2 0.0558333 0.187225 0.025 0.136564
28 0.109167 0.468062 0.0283333 0.0947137
22 0.428333 0.812775 0.03 0.0792952
11 0.9925 0.344714 0.015 0.10793
12 0.794167 0.796256 0.0216667 0.0903084
40 0.668333 0.342511 0.0266667 0.0947137
12 0.828333 0.786344 0.02 0.092511
36 0.65 0.57489 0.0233333 0.0881057
34 0.531667 0.469163 0.0266667 0.0969163
15 0.358333 0.569383 0.0266667 0.0859031
34 0.504167 0.46696 0.025 0.0969163
2 0.0866667 0.190529 0.0266667 0.143172
33 0.120833 0.581498 0.025 0.0792952
24 0.764167 0.579295 0.025 0.0881057
18 0.323333 0.461454 0.03 0.103524
4 0.83 0.213656 0.02 0.105727
25 0.571667 0.214758 0.0233333 0.0859031
4 0.860833 0.211454 0.025 0.105727
28 0.0783333 0.468062 0.0266667 0.0947137
15 0.265833 0.580396 0.025 0.0770925
28 0.763333 0.580396 0.0266667 0.0859031
28 0.02 0.702643 0.0266667 0.0748899
27 0.121667 0.814978 0.0266667 0.0704846
31 0.468333 0.697137 0.0233333 0.0903084
33 0.696667 0.806167 0.02 0.0748899
37 0.5775 0.669604 0.015 0.061674
31 0.67 0.810573 0.0266667 0.0792952
24 0.736667 0.580396 0.0233333 0.0859031
22 0.453333 0.811674 0.0266667 0.0814978
28 0.0475 0.704846 0.025 0.0748899
1 0.9025 0.209251 0.025 0.110132
32 0.653333 0.46696 0.03 0.0881057
15 0.475833 0.55837 0.0216667 0.0770925
12 0.829167 0.459251 0.0216667 0.103524
18 0.1975 0.340308 0.025 0.10793
32 0.148333 0.581498 0.0266667 0.0837004
34 0.591667 0.468062 0.0266667 0.0947137
37 0.543333 0.342511 0.0266667 0.0947137
32 0.120833 0.581498 0.025 0.0792952
26 0.706667 0.215859 0.0266667 0.0969163
11 0.938333 0.340308 0.0166667 0.112335
12 0.864167 0.792952 0.0216667 0.0969163
13 0.440833 0.696035 0.025 0.0837004
33 0.726667 0.811674 0.0233333 0.0770925
15 0.301667 0.569383 0.0266667 0.0770925
11 0.918333 0.339207 0.0233333 0.0969163
34 0.564167 0.470264 0.025 0.0991189
18 0.3525 0.462555 0.0283333 0.101322
40 0.638333 0.343612 0.0266667 0.0969163
14 0.330833 0.699339 0.025 0.0859031
28 0.00833333 0.344714 0.0166667 0.0859031
15 0.416667 0.569383 0.0233333 0.0814978
32 0.714167 0.46696 0.025 0.0881057
32 0.623333 0.468062 0.0266667 0.0903084
26 0.801667 0.213656 0.0266667 0.101322
32 0.681667 0.461454 0.0233333 0.0903084
18 0.265 0.463656 0.03 0.103524
18 0.295 0.461454 0.0266667 0.103524
28 0.0183333 0.55837 0.0233333 0.0638767
31 0.528333 0.693833 0.0233333 0.0837004
31 0.586667 0.799559 0.02 0.0704846
15 0.4475 0.562775 0.025 0.0770925
22 0.4125 0.340308 0.0283333 0.0991189
32 0.184167 0.573789 0.025 0.0859031
21 0.379167 0.213656 0.025 0.105727
18 0.475 0.461454 0.0233333 0.0947137
4 0.828333 0.682819 0.0233333 0.101322
37 0.5125 0.344714 0.0283333 0.0991189
18 0.205833 0.463656 0.0283333 0.0991189
27 0.178333 0.813877 0.0233333 0.0682819
17 0.275833 0.334802 0.0216667 0.0969163
24 0.5575 0.797357 0.0216667 0.0704846
1 0.975 0.211454 0.0233333 0.0969163
22 0.475 0.343612 0.0266667 0.0969163
18 0.385833 0.459251 0.0283333 0.0991189
11 0.894167 0.338106 0.0216667 0.103524
26 0.7725 0.218062 0.025 0.101322
15 0.389167 0.570485 0.025 0.0837004
27 0.258333 0.812775 0.0233333 0.0704846
18 0.416667 0.459251 0.0266667 0.0991189
26 0.739167 0.21696 0.025 0.0947137
27 0.204167 0.814978 0.025 0.0704846
17 0.249167 0.331498 0.0216667 0.0947137
39 0.179167 0.211454 0.025 0.0969163
37 0.288333 0.810573 0.0233333 0.0704846
11 0.856667 0.340308 0.02 0.103524
37 0.599167 0.668502 0.0216667 0.0594714
4 0.8 0.681718 0.0266667 0.112335
31 0.640833 0.800661 0.0216667 0.0726872
31 0.616667 0.810573 0.02 0.0748899
11 0.805 0.339207 0.0233333 0.101322
18 0.445833 0.460352 0.025 0.092511
37 0.3425 0.813877 0.025 0.0726872
33 0.1725 0.464758 0.0283333 0.0969163
39 0.339167 0.211454 0.0283333 0.110132
17 0.198333 0.337004 0.0266667 0.110132
31 0.555 0.693833 0.0233333 0.0837004
25 0.6075 0.218062 0.0283333 0.101322
39 0.210833 0.213656 0.0283333 0.0969163
28 0.0758333 0.346916 0.025 0.0859031
11 0.968333 0.340308 0.03 0.10793
25 0.673333 0.21696 0.03 0.0991189
28 0.0208333 0.469163 0.0283333 0.092511
21 0.473333 0.215859 0.0266667 0.101322
28 0.0475 0.46696 0.0283333 0.092511
37 0.315 0.813877 0.0233333 0.0770925
33 0.14 0.468062 0.0266667 0.0947137
39 0.243333 0.214758 0.0266667 0.0991189
28 0.0433333 0.344714 0.0266667 0.0903084
37 0.369167 0.813877 0.025 0.0770925
22 0.445833 0.34141 0.025 0.101322
21 0.441667 0.213656 0.0333333 0.105727
39 0.310833 0.211454 0.0283333 0.114537
39 0.275833 0.211454 0.0283333 0.110132
11 0.8325 0.34141 0.0283333 0.101322
25 0.641667 0.218062 0.03 0.101322
21 0.409167 0.215859 0.0283333 0.101322
