15 0.500833 0.572687 0.0283333 0.0837004
15 0.210833 0.5837 0.0216667 0.0748899
36 0.6725 0.572687 0.0216667 0.0837004
12 0.941667 0.685022 0.0233333 0.0969163
14 0.275 0.69163 0.0166667 0.0748899
11 0.868333 0.343612 0.0333333 0.0969163
16 0.240833 0.699339 0.025 0.0770925
8 0.8575 0.683921 0.035 0.103524
28 0.0641667 0.344714 0.065 0.0903084
4 0.838333 0.683921 0.0466667 0.10793
24 0.719167 0.562775 0.0216667 0.0814978
27 0.164167 0.816079 0.0483333 0.0726872
12 0.828333 0.459251 0.0233333 0.0947137
4 0.986667 0.566079 0.02 0.092511
43 0.0116667 0.817181 0.02 0.0704846
19 0.291667 0.339207 0.0233333 0.101322
26 0.755833 0.219163 0.0583333 0.0947137
10 0.950833 0.561674 0.025 0.0881057
6 0.896667 0.786344 0.02 0.0792952
18 0.3 0.461454 0.0266667 0.0947137
11 0.83 0.785242 0.02 0.0859031
31 0.573333 0.686123 0.0366667 0.0814978
31 0.510833 0.690529 0.045 0.0770925
2 0.0475 0.188326 0.0183333 0.156388
21 0.536667 0.218062 0.0233333 0.0969163
5 0.894167 0.459251 0.025 0.103524
28 0.0125 0.344714 0.025 0.0947137
21 0.345833 0.213656 0.0316667 0.105727
40 0.605833 0.344714 0.0283333 0.0991189
18 0.355 0.459251 0.0233333 0.0991189
17 0.215 0.34141 0.05 0.0969163
37 0.299167 0.814978 0.0483333 0.0748899
15 0.355833 0.571586 0.0283333 0.0814978
16 0.299167 0.697137 0.025 0.0814978
34 0.516667 0.462555 0.0566667 0.0881057
17 0.236667 0.338106 0.0466667 0.0991189
28 0.0575 0.692731 0.0216667 0.0770925
11 0.805833 0.786344 0.0183333 0.0837004
27 0.220833 0.814978 0.045 0.0704846
2 0.0716667 0.188326 0.0266667 0.143172
25 0.506667 0.21696 0.0266667 0.0991189
6 0.966667 0.781938 0.0233333 0.0837004
18 0.385833 0.464758 0.025 0.101322
4 0.800833 0.688326 0.065 0.103524
28 0.739167 0.462555 0.0316667 0.0881057
14 0.300833 0.699339 0.025 0.0859031
12 0.83 0.784141 0.0233333 0.0881057
6 0.940833 0.785242 0.0183333 0.0903084
11 0.941667 0.338106 0.0466667 0.0991189
22 0.448333 0.80837 0.0233333 0.0792952
27 0.2425 0.813877 0.045 0.0726872
37 0.543333 0.344714 0.0266667 0.0947137
28 0.1025 0.34141 0.0616667 0.0969163
27 0.0925 0.818282 0.025 0.0726872
22 0.370833 0.342511 0.0383333 0.0991189
2 0.118333 0.188326 0.0233333 0.151982
6 0.918333 0.784141 0.02 0.0837004
27 0.119167 0.816079 0.025 0.0682819
37 0.3275 0.812775 0.0483333 0.0704846
18 0.5575 0.570485 0.0216667 0.0837004
14 0.355833 0.698238 0.0216667 0.0792952
24 0.7925 0.457048 0.0216667 0.0903084
12 0.850833 0.786344 0.0183333 0.0837004
34 0.5025 0.46696 0.0216667 0.0969163
25 0.536667 0.219163 0.0233333 0.0991189
15 0.258333 0.579295 0.02 0.0704846
25 0.576667 0.218062 0.0433333 0.092511
18 0.269167 0.460352 0.0283333 0.0969163
28 0.759167 0.454846 0.0216667 0.0859031
14 0.355833 0.572687 0.025 0.0792952
18 0.228333 0.339207 0.0266667 0.105727
43 0.0316667 0.694934 0.0233333 0.0859031
31 0.6325 0.777533 0.0183333 0.061674
27 0.146667 0.814978 0.0266667 0.0748899
40 0.669167 0.346916 0.0283333 0.0991189
11 0.965833 0.678414 0.0183333 0.0969163
1 0.976667 0.20815 0.03 0.10793
15 0.293333 0.582599 0.0266667 0.0770925
24 0.739167 0.463656 0.0316667 0.0814978
6 0.986667 0.781938 0.02 0.0837004
18 0.199167 0.340308 0.025 0.103524
40 0.638333 0.344714 0.03 0.0991189
25 0.671667 0.21696 0.0233333 0.0991189
33 0.678333 0.777533 0.02 0.0572687
20 0.0908333 0.816079 0.0216667 0.0726872
11 0.876667 0.340308 0.0166667 0.0947137
11 0.945 0.683921 0.0233333 0.0903084
2 0.0258333 0.187225 0.0283333 0.162996
34 0.530833 0.46696 0.025 0.092511
24 0.759167 0.455947 0.0216667 0.0837004
24 0.555833 0.794053 0.0216667 0.0726872
11 0.7825 0.781938 0.0216667 0.092511
14 0.295833 0.580396 0.025 0.0814978
31 0.589167 0.809471 0.025 0.0770925
25 0.5925 0.219163 0.0216667 0.0947137
14 0.328333 0.699339 0.0233333 0.0814978
28 0.0716667 0.469163 0.0366667 0.0881057
24 0.5025 0.797357 0.0216667 0.0748899
31 0.611667 0.795154 0.02 0.0748899
1 0.940833 0.209251 0.0283333 0.118943
17 0.329167 0.461454 0.025 0.0991189
15 0.236667 0.581498 0.0233333 0.0704846
15 0.445833 0.57489 0.025 0.0792952
39 0.275 0.21696 0.0233333 0.0947137
11 0.985833 0.678414 0.0216667 0.105727
34 0.59 0.46696 0.0266667 0.092511
18 0.529167 0.569383 0.025 0.0903084
17 0.261667 0.338106 0.0233333 0.0991189
25 0.564167 0.222467 0.025 0.092511
28 0.106667 0.469163 0.0266667 0.092511
2 0.143333 0.187225 0.0266667 0.154185
18 0.235 0.46696 0.03 0.0969163
31 0.495 0.694934 0.0233333 0.0903084
32 0.653333 0.465859 0.0266667 0.0947137
26 0.8 0.218062 0.0266667 0.101322
15 0.386667 0.573789 0.0233333 0.0770925
4 0.828333 0.215859 0.0233333 0.105727
4 0.853333 0.212555 0.0233333 0.112335
32 0.6225 0.46696 0.025 0.092511
11 0.955 0.332599 0.0266667 0.0969163
18 0.501667 0.568282 0.0233333 0.0881057
24 0.529167 0.792952 0.0216667 0.0792952
4 0.879167 0.212555 0.0216667 0.10793
18 0.4725 0.461454 0.025 0.103524
33 0.1675 0.469163 0.0283333 0.092511
21 0.374167 0.215859 0.0316667 0.101322
27 0.176667 0.812775 0.0233333 0.0704846
18 0.414167 0.462555 0.025 0.101322
32 0.681667 0.468062 0.0233333 0.0903084
26 0.736667 0.218062 0.0266667 0.105727
15 0.413333 0.572687 0.0233333 0.0792952
37 0.288333 0.811674 0.0233333 0.0726872
11 0.925833 0.342511 0.0216667 0.103524
37 0.513333 0.348018 0.0266667 0.092511
33 0.0891667 0.581498 0.025 0.0792952
18 0.205833 0.465859 0.0283333 0.0947137
28 0.766667 0.578194 0.02 0.0859031
34 0.560833 0.464758 0.025 0.101322
25 0.6425 0.21696 0.025 0.0991189
33 0.716667 0.800661 0.0233333 0.0770925
14 0.323333 0.581498 0.0233333 0.0792952
26 0.7725 0.218062 0.025 0.101322
39 0.3425 0.213656 0.0283333 0.105727
15 0.470833 0.579295 0.025 0.0792952
11 0.8575 0.338106 0.0216667 0.103524
27 0.204167 0.812775 0.025 0.0748899
4 0.820833 0.685022 0.0283333 0.105727
33 0.06 0.581498 0.0266667 0.0748899
28 0.164167 0.342511 0.025 0.0991189
39 0.178333 0.211454 0.0266667 0.101322
37 0.3425 0.812775 0.025 0.0748899
27 0.2575 0.812775 0.025 0.0704846
37 0.61 0.694934 0.0266667 0.0814978
31 0.55 0.681718 0.0233333 0.0859031
31 0.523333 0.683921 0.0233333 0.0770925
37 0.37 0.813877 0.0233333 0.0770925
11 0.8325 0.339207 0.025 0.101322
4 0.7825 0.686123 0.025 0.103524
37 0.314167 0.814978 0.025 0.0748899
11 0.896667 0.343612 0.0233333 0.110132
18 0.4425 0.461454 0.025 0.0991189
37 0.635833 0.697137 0.025 0.0859031
22 0.440833 0.338106 0.025 0.0947137
28 0.0183333 0.472467 0.0266667 0.0903084
21 0.471667 0.21696 0.0266667 0.0947137
28 0.055 0.344714 0.0266667 0.0947137
28 0.0466667 0.468062 0.03 0.0947137
37 0.581667 0.686123 0.0233333 0.0814978
39 0.2075 0.213656 0.0283333 0.0969163
33 0.1375 0.470264 0.025 0.0947137
39 0.2425 0.214758 0.025 0.0947137
22 0.410833 0.340308 0.0283333 0.0991189
21 0.440833 0.213656 0.0316667 0.101322
39 0.3125 0.212555 0.0283333 0.10793
28 0.121667 0.343612 0.0266667 0.101322
28 0.0241667 0.345815 0.0283333 0.0969163
21 0.408333 0.215859 0.03 0.101322
28 0.0891667 0.344714 0.0283333 0.0991189
