27 0.163333 0.818282 0.0433333 0.0682819
14 0.300833 0.699339 0.025 0.0814978
28 0.774167 0.468062 0.025 0.0859031
28 0.07 0.700441 0.0266667 0.0792952
27 0.0958333 0.818282 0.0216667 0.0682819
14 0.27 0.699339 0.0233333 0.0770925
17 0.21 0.339207 0.05 0.101322
4 0.821667 0.572687 0.02 0.0881057
13 0.413333 0.696035 0.0233333 0.0881057
12 0.825 0.461454 0.02 0.0947137
37 0.401667 0.811674 0.03 0.0726872
14 0.3825 0.578194 0.025 0.0726872
17 0.239167 0.338106 0.0483333 0.103524
18 0.611667 0.579295 0.0233333 0.0837004
16 0.296667 0.697137 0.0333333 0.0814978
24 0.789167 0.465859 0.0416667 0.0814978
31 0.588333 0.778634 0.0433333 0.0638767
11 0.855 0.344714 0.0433333 0.0903084
25 0.625833 0.21696 0.0516667 0.0991189
32 0.633333 0.463656 0.0533333 0.0814978
20 0.0841667 0.816079 0.025 0.0682819
34 0.504167 0.468062 0.025 0.0991189
2 0.115 0.193833 0.03 0.14978
4 0.813333 0.689427 0.0333333 0.092511
22 0.45 0.813877 0.0266667 0.0814978
18 0.4025 0.461454 0.0583333 0.0903084
40 0.668333 0.348018 0.03 0.092511
11 0.836667 0.343612 0.04 0.0969163
34 0.5325 0.472467 0.025 0.0991189
33 0.108333 0.46696 0.0266667 0.092511
24 0.794167 0.572687 0.025 0.0837004
33 0.0725 0.800661 0.0183333 0.0682819
43 0.0183333 0.705947 0.0233333 0.0770925
28 0.0141667 0.345815 0.0283333 0.0881057
18 0.643333 0.578194 0.0233333 0.0859031
4 0.903333 0.213656 0.0233333 0.105727
36 0.7 0.578194 0.0333333 0.0859031
33 0.015 0.816079 0.0266667 0.0726872
20 0.145833 0.819383 0.025 0.0704846
27 0.12 0.813877 0.0233333 0.0682819
14 0.354167 0.572687 0.0216667 0.0748899
1 0.934167 0.20815 0.025 0.11674
16 0.216667 0.703744 0.0233333 0.0814978
28 0.1075 0.344714 0.045 0.0947137
15 0.2625 0.578194 0.0216667 0.0726872
37 0.5425 0.343612 0.0283333 0.092511
40 0.5975 0.342511 0.025 0.0903084
25 0.7075 0.215859 0.025 0.0969163
14 0.296667 0.581498 0.0266667 0.0837004
14 0.33 0.572687 0.0233333 0.0748899
37 0.6225 0.693833 0.045 0.0748899
26 0.803333 0.218062 0.0233333 0.101322
21 0.473333 0.215859 0.0233333 0.0969163
4 0.8275 0.215859 0.025 0.101322
15 0.295833 0.581498 0.0283333 0.0837004
2 0.0258333 0.190529 0.0283333 0.151982
26 0.7075 0.21696 0.025 0.0991189
28 0.0466667 0.701542 0.0233333 0.0770925
34 0.590833 0.468062 0.025 0.0947137
1 0.971667 0.20815 0.0433333 0.10793
27 0.145833 0.817181 0.025 0.0704846
34 0.563333 0.470264 0.0266667 0.0947137
31 0.470833 0.697137 0.0283333 0.0903084
33 0.0516667 0.801762 0.02 0.0704846
4 0.838333 0.214758 0.0233333 0.0991189
17 0.293333 0.339207 0.0233333 0.101322
33 0.178333 0.462555 0.02 0.092511
15 0.386667 0.577093 0.0233333 0.0748899
24 0.525 0.773128 0.02 0.0528634
33 0.766667 0.798458 0.0233333 0.0859031
14 0.359167 0.685022 0.0216667 0.0837004
40 0.639167 0.345815 0.0316667 0.092511
11 0.923333 0.343612 0.0233333 0.092511
28 0.0783333 0.468062 0.0266667 0.0947137
33 0.134167 0.556167 0.0216667 0.0638767
27 0.2275 0.82489 0.0216667 0.0682819
1 0.985 0.212555 0.0233333 0.10793
32 0.618333 0.464758 0.0233333 0.0881057
24 0.743333 0.468062 0.0266667 0.0770925
18 0.23 0.338106 0.0266667 0.103524
18 0.193333 0.34141 0.03 0.105727
28 0.109167 0.468062 0.0283333 0.0947137
32 0.714167 0.469163 0.0283333 0.0837004
4 0.8525 0.213656 0.0183333 0.101322
17 0.255833 0.335903 0.0283333 0.0991189
14 0.334167 0.686123 0.025 0.0814978
28 0.753333 0.569383 0.0233333 0.0814978
31 0.500833 0.700441 0.025 0.0837004
2 0.1425 0.19163 0.025 0.15859
25 0.5075 0.21696 0.0283333 0.0991189
4 0.801667 0.689427 0.0266667 0.092511
22 0.473333 0.344714 0.0266667 0.0947137
18 0.384167 0.461454 0.0283333 0.0991189
15 0.213333 0.579295 0.0266667 0.0792952
18 0.233333 0.465859 0.03 0.0991189
32 0.645 0.464758 0.0266667 0.092511
26 0.761667 0.219163 0.0233333 0.0947137
4 0.746667 0.660793 0.0233333 0.0660793
25 0.541667 0.21696 0.03 0.10793
39 0.335 0.218062 0.02 0.092511
15 0.4125 0.581498 0.025 0.0792952
13 0.441667 0.696035 0.0233333 0.0837004
15 0.443333 0.579295 0.0233333 0.0792952
27 0.173333 0.822687 0.02 0.0682819
26 0.736667 0.218062 0.0233333 0.0969163
11 0.818333 0.342511 0.0233333 0.0991189
31 0.605 0.77533 0.02 0.0572687
31 0.580833 0.779736 0.0183333 0.0572687
18 0.263333 0.462555 0.03 0.105727
28 0.151667 0.343612 0.0266667 0.0969163
25 0.575833 0.214758 0.0283333 0.103524
4 0.879167 0.213656 0.025 0.105727
31 0.525 0.700441 0.0233333 0.0792952
33 0.725 0.816079 0.0233333 0.0770925
4 0.8275 0.685022 0.0183333 0.092511
37 0.29 0.800661 0.02 0.0726872
39 0.31 0.210352 0.0266667 0.103524
31 0.669167 0.807269 0.025 0.0814978
37 0.5125 0.345815 0.0283333 0.092511
21 0.374167 0.215859 0.025 0.101322
15 0.471667 0.572687 0.0233333 0.0748899
25 0.673333 0.218062 0.03 0.0969163
27 0.1975 0.837004 0.0216667 0.0704846
18 0.415 0.462555 0.0266667 0.101322
33 0.698333 0.810573 0.0266667 0.0792952
27 0.25 0.839207 0.0233333 0.0704846
37 0.3425 0.816079 0.025 0.0682819
18 0.204167 0.465859 0.0283333 0.0947137
31 0.551667 0.689427 0.0233333 0.0792952
24 0.754167 0.571586 0.025 0.0814978
18 0.475 0.462555 0.0266667 0.0969163
18 0.445833 0.460352 0.025 0.092511
22 0.441667 0.34141 0.0266667 0.0969163
24 0.5025 0.809471 0.0216667 0.0903084
37 0.635 0.689427 0.02 0.0748899
31 0.644167 0.80837 0.025 0.0837004
4 0.7775 0.689427 0.0216667 0.0969163
25 0.608333 0.21696 0.03 0.103524
32 0.681667 0.469163 0.03 0.0837004
28 0.0183333 0.472467 0.0266667 0.0903084
28 0.0466667 0.469163 0.03 0.092511
37 0.61 0.694934 0.0233333 0.0814978
11 0.871667 0.34141 0.0233333 0.0969163
37 0.369167 0.816079 0.025 0.0770925
22 0.411667 0.34141 0.0266667 0.0969163
39 0.1775 0.211454 0.0283333 0.101322
37 0.581667 0.687225 0.02 0.0748899
21 0.44 0.214758 0.03 0.103524
28 0.0583333 0.344714 0.0266667 0.0947137
28 0.121667 0.343612 0.0266667 0.101322
37 0.315 0.818282 0.0233333 0.0726872
39 0.21 0.214758 0.03 0.0947137
28 0.0883333 0.344714 0.03 0.0991189
33 0.138333 0.470264 0.0266667 0.0903084
39 0.2425 0.213656 0.025 0.0969163
21 0.4075 0.214758 0.0283333 0.103524
28 0.0258333 0.35022 0.0283333 0.092511
25 0.641667 0.218062 0.03 0.105727
