4 0.766667 0.661894 0.02 0.0770925
4 0.835833 0.571586 0.0183333 0.0770925
17 0.3 0.340308 0.05 0.0991189
37 0.4725 0.344714 0.025 0.0991189
2 0.0108333 0.187225 0.0183333 0.140969
10 0.913333 0.459251 0.0233333 0.0903084
8 0.903333 0.687225 0.0366667 0.0969163
32 0.648333 0.578194 0.0233333 0.0814978
18 0.365 0.462555 0.06 0.105727
16 0.241667 0.698238 0.03 0.0792952
22 0.343333 0.339207 0.03 0.110132
21 0.359167 0.20815 0.0616667 0.103524
39 0.3225 0.209251 0.0616667 0.105727
14 0.269167 0.696035 0.025 0.0837004
8 0.859167 0.687225 0.0416667 0.0969163
40 0.606667 0.342511 0.0266667 0.0947137
10 0.9375 0.463656 0.025 0.0903084
32 0.675 0.579295 0.0233333 0.0837004
27 0.2425 0.813877 0.0483333 0.0682819
4 0.880833 0.212555 0.025 0.0991189
34 0.503333 0.465859 0.0233333 0.0991189
2 0.114167 0.19163 0.0283333 0.140969
6 0.9825 0.795154 0.025 0.0881057
32 0.588333 0.577093 0.0266667 0.0881057
2 0.03 0.190529 0.0233333 0.138767
2 0.0525 0.187225 0.025 0.136564
39 0.291667 0.211454 0.06 0.105727
11 0.983333 0.34141 0.0266667 0.092511
26 0.754167 0.218062 0.055 0.0969163
10 0.984167 0.461454 0.0216667 0.0947137
37 0.5725 0.344714 0.0283333 0.0991189
14 0.3 0.698238 0.0233333 0.0837004
12 0.8175 0.801762 0.0183333 0.0837004
39 0.258333 0.210352 0.0533333 0.0991189
27 0.223333 0.813877 0.0366667 0.0682819
33 0.115 0.580396 0.03 0.0814978
27 0.0916667 0.816079 0.0233333 0.0682819
6 0.934167 0.796256 0.0216667 0.0903084
34 0.590833 0.46696 0.025 0.092511
13 0.438333 0.694934 0.0233333 0.0859031
34 0.531667 0.46696 0.0266667 0.0969163
16 0.215 0.700441 0.0233333 0.0792952
32 0.563333 0.579295 0.0266667 0.0837004
18 0.245833 0.339207 0.0283333 0.114537
14 0.355 0.696035 0.0233333 0.0837004
15 0.323333 0.580396 0.0266667 0.0859031
26 0.7875 0.21696 0.0483333 0.0947137
24 0.530833 0.807269 0.025 0.0814978
32 0.1725 0.5837 0.025 0.0881057
27 0.15 0.809471 0.0233333 0.0638767
11 0.801667 0.461454 0.02 0.0903084
15 0.383333 0.57489 0.0233333 0.0792952
4 0.76 0.657489 0.02 0.0550661
33 0.1725 0.580396 0.025 0.0859031
37 0.593333 0.687225 0.0433333 0.0881057
2 0.085 0.190529 0.0266667 0.138767
14 0.295 0.581498 0.0266667 0.0748899
4 0.82 0.688326 0.0333333 0.0903084
18 0.185833 0.338106 0.025 0.112335
12 0.800833 0.463656 0.0216667 0.0903084
18 0.233333 0.464758 0.0266667 0.0969163
34 0.561667 0.469163 0.0266667 0.0969163
12 0.8225 0.462555 0.0216667 0.0969163
15 0.295833 0.580396 0.025 0.0814978
17 0.284167 0.340308 0.025 0.103524
15 0.441667 0.57489 0.0266667 0.0881057
37 0.620833 0.683921 0.0416667 0.0859031
24 0.740833 0.46696 0.025 0.0881057
32 0.115833 0.579295 0.0283333 0.0837004
22 0.4725 0.343612 0.025 0.0969163
4 0.841667 0.685022 0.0366667 0.092511
31 0.585833 0.807269 0.025 0.0814978
40 0.668333 0.34141 0.0266667 0.0969163
27 0.119167 0.812775 0.025 0.0704846
4 0.790833 0.686123 0.0216667 0.0947137
37 0.539167 0.34141 0.0316667 0.0969163
22 0.448333 0.80837 0.0266667 0.0792952
28 0.105833 0.465859 0.0283333 0.0947137
12 0.864167 0.799559 0.0216667 0.0881057
32 0.143333 0.581498 0.0266667 0.0837004
28 0.015 0.702643 0.0266667 0.0837004
24 0.763333 0.578194 0.0266667 0.0859031
1 0.928333 0.211454 0.0233333 0.105727
28 0.0725 0.702643 0.025 0.0748899
32 0.621667 0.465859 0.0266667 0.0903084
22 0.375 0.34141 0.0266667 0.101322
28 0.0441667 0.703744 0.025 0.0770925
24 0.505 0.80837 0.0266667 0.0837004
31 0.526667 0.692731 0.0233333 0.0903084
40 0.6375 0.342511 0.0283333 0.0947137
20 0.0916667 0.814978 0.0233333 0.0704846
33 0.725 0.812775 0.0233333 0.0748899
24 0.0283333 0.582599 0.0233333 0.0770925
27 0.1775 0.813877 0.0283333 0.0682819
32 0.713333 0.468062 0.03 0.0903084
11 0.969167 0.34141 0.025 0.0969163
15 0.410833 0.578194 0.025 0.0814978
33 0.106667 0.469163 0.03 0.092511
15 0.351667 0.579295 0.0266667 0.0792952
4 0.829167 0.681718 0.0216667 0.0814978
18 0.263333 0.45815 0.0266667 0.101322
14 0.328333 0.696035 0.0233333 0.0881057
26 0.8 0.21696 0.0233333 0.103524
15 0.471667 0.569383 0.0233333 0.0814978
31 0.553333 0.693833 0.0233333 0.0881057
14 0.3225 0.580396 0.025 0.0814978
31 0.6175 0.810573 0.0216667 0.0748899
32 0.650833 0.46696 0.0283333 0.092511
18 0.215 0.340308 0.0266667 0.10793
18 0.381667 0.460352 0.0266667 0.101322
26 0.7725 0.214758 0.025 0.0991189
4 0.828333 0.213656 0.0233333 0.101322
4 0.859167 0.214758 0.025 0.0991189
24 0.735833 0.577093 0.025 0.0837004
18 0.413333 0.462555 0.0233333 0.101322
33 0.699167 0.812775 0.025 0.0792952
18 0.471667 0.461454 0.0266667 0.0991189
33 0.0575 0.582599 0.025 0.0814978
37 0.5125 0.343612 0.0283333 0.0969163
24 0.558333 0.800661 0.0233333 0.0770925
26 0.7375 0.21696 0.0283333 0.0947137
26 0.705833 0.21696 0.025 0.0947137
27 0.201667 0.812775 0.0233333 0.0704846
27 0.2575 0.810573 0.025 0.0704846
28 0.0258333 0.580396 0.025 0.0770925
18 0.441667 0.461454 0.0266667 0.0991189
39 0.336667 0.210352 0.0266667 0.10793
31 0.669167 0.810573 0.025 0.0748899
31 0.641667 0.809471 0.0233333 0.0814978
28 0.055 0.346916 0.0333333 0.0947137
11 0.948333 0.34141 0.0233333 0.092511
25 0.571667 0.213656 0.0266667 0.092511
1 0.976667 0.209251 0.0233333 0.101322
17 0.245833 0.337004 0.0283333 0.105727
18 0.204167 0.465859 0.0316667 0.0947137
17 0.185833 0.340308 0.025 0.10793
4 0.8 0.69163 0.0266667 0.0969163
17 0.214167 0.337004 0.0283333 0.105727
39 0.176667 0.211454 0.0266667 0.101322
33 0.170833 0.46696 0.0283333 0.092511
39 0.309167 0.211454 0.0283333 0.105727
22 0.409167 0.34141 0.025 0.101322
22 0.439167 0.342511 0.0283333 0.0991189
28 0.075 0.470264 0.0266667 0.0903084
37 0.634167 0.681718 0.0216667 0.0814978
37 0.286667 0.810573 0.0233333 0.0704846
32 0.681667 0.468062 0.03 0.0903084
18 0.350833 0.460352 0.0283333 0.105727
25 0.671667 0.215859 0.03 0.0969163
21 0.473333 0.214758 0.0266667 0.0991189
11 0.801667 0.340308 0.0233333 0.0947137
37 0.340833 0.813877 0.025 0.0770925
28 0.0175 0.471366 0.0283333 0.0881057
37 0.580833 0.694934 0.025 0.0859031
11 0.830833 0.342511 0.0283333 0.0903084
21 0.373333 0.212555 0.0266667 0.10793
37 0.3125 0.812775 0.025 0.0748899
37 0.608333 0.687225 0.0233333 0.0837004
25 0.6075 0.215859 0.0283333 0.105727
33 0.1375 0.46696 0.0283333 0.092511
37 0.368333 0.811674 0.0266667 0.0814978
39 0.2075 0.213656 0.0283333 0.0969163
28 0.0441667 0.46696 0.0283333 0.0969163
28 0.0241667 0.344714 0.0283333 0.0947137
39 0.243333 0.212555 0.0266667 0.0991189
39 0.275 0.211454 0.0266667 0.105727
21 0.440833 0.211454 0.0316667 0.105727
25 0.640833 0.218062 0.0283333 0.101322
21 0.406667 0.212555 0.03 0.10793
