1 0.894167 0.210352 0.025 0.10793
13 0.448333 0.671806 0.0166667 0.0837004
18 0.531667 0.46696 0.0266667 0.0969163
18 0.389167 0.457048 0.0283333 0.0991189
37 0.475 0.810573 0.0266667 0.0837004
24 0.775833 0.46696 0.025 0.0881057
31 0.468333 0.671806 0.0233333 0.0792952
24 0.515833 0.809471 0.0416667 0.0859031
16 0.24 0.699339 0.0266667 0.0770925
28 0.744167 0.465859 0.0283333 0.0903084
12 0.829167 0.45815 0.0216667 0.0969163
11 0.828333 0.459251 0.0233333 0.0947137
11 0.931667 0.340308 0.04 0.0947137
15 0.4 0.573789 0.0533333 0.0859031
34 0.516667 0.463656 0.0566667 0.0903084
1 0.941667 0.209251 0.05 0.118943
11 0.984167 0.564978 0.0183333 0.0903084
28 0.07 0.701542 0.0266667 0.0770925
6 0.976667 0.789648 0.02 0.0947137
31 0.6575 0.798458 0.035 0.0770925
25 0.558333 0.213656 0.0633333 0.0969163
17 0.240833 0.338106 0.0516667 0.0991189
37 0.618333 0.687225 0.0466667 0.0704846
14 0.361667 0.668502 0.0233333 0.0814978
32 0.618333 0.575991 0.0233333 0.0859031
18 0.266667 0.334802 0.0266667 0.105727
34 0.5025 0.468062 0.0216667 0.0991189
18 0.231667 0.339207 0.0333333 0.101322
12 0.805 0.781938 0.0166667 0.0837004
12 0.869167 0.457048 0.0216667 0.0991189
4 0.803333 0.669604 0.0366667 0.0837004
33 0.0141667 0.700441 0.0216667 0.0792952
40 0.631667 0.343612 0.0266667 0.0969163
28 0.18 0.343612 0.03 0.092511
26 0.729167 0.221366 0.025 0.0947137
25 0.640833 0.219163 0.0216667 0.0903084
4 0.980833 0.667401 0.025 0.0837004
25 0.525833 0.215859 0.055 0.101322
18 0.495833 0.463656 0.035 0.0947137
18 0.241667 0.45815 0.0233333 0.0969163
28 0.734167 0.581498 0.0216667 0.0837004
14 0.296667 0.580396 0.0266667 0.0903084
20 0.0725 0.806167 0.0316667 0.0792952
22 0.395833 0.812775 0.025 0.0792952
17 0.296667 0.334802 0.0233333 0.101322
43 0.0358333 0.786344 0.025 0.061674
28 0.760833 0.579295 0.025 0.0837004
12 0.7825 0.781938 0.0183333 0.0881057
31 0.693333 0.799559 0.0233333 0.0704846
28 0.0133333 0.700441 0.0233333 0.0792952
18 0.413333 0.459251 0.0233333 0.0991189
27 0.12 0.813877 0.0233333 0.0726872
2 0.14 0.193833 0.02 0.127753
14 0.338333 0.665198 0.02 0.0660793
14 0.305 0.686123 0.0233333 0.0814978
24 0.504167 0.805066 0.025 0.0814978
17 0.355833 0.45815 0.025 0.101322
1 0.984167 0.209251 0.0216667 0.118943
4 0.763333 0.667401 0.0266667 0.0704846
37 0.394167 0.813877 0.025 0.0859031
4 0.895 0.212555 0.0266667 0.103524
1 0.9275 0.209251 0.025 0.118943
34 0.590833 0.463656 0.025 0.0991189
22 0.449167 0.811674 0.025 0.0859031
16 0.215 0.699339 0.0233333 0.0770925
34 0.530833 0.468062 0.025 0.0947137
4 0.869167 0.213656 0.0183333 0.105727
33 0.106667 0.46696 0.0266667 0.0881057
18 0.501667 0.575991 0.0233333 0.0859031
31 0.578333 0.682819 0.0233333 0.0837004
6 0.899167 0.785242 0.0183333 0.0859031
11 0.893333 0.34141 0.0166667 0.092511
2 0.025 0.190529 0.0266667 0.147577
28 0.168333 0.342511 0.0166667 0.0903084
39 0.373333 0.212555 0.0266667 0.10793
24 0.735 0.579295 0.0233333 0.0792952
31 0.633333 0.786344 0.0233333 0.0704846
6 0.920833 0.784141 0.0183333 0.0792952
31 0.496667 0.6663 0.0233333 0.0726872
18 0.3575 0.45815 0.025 0.101322
26 0.790833 0.220264 0.0216667 0.101322
1 0.955833 0.203744 0.025 0.125551
27 0.146667 0.816079 0.0266667 0.0726872
17 0.261667 0.337004 0.03 0.101322
12 0.759167 0.784141 0.0183333 0.0837004
4 0.856667 0.212555 0.0233333 0.103524
24 0.7625 0.579295 0.025 0.0792952
37 0.2875 0.810573 0.025 0.0748899
15 0.321667 0.578194 0.0233333 0.0770925
24 0.538333 0.807269 0.0233333 0.0859031
28 0.105833 0.46696 0.0283333 0.092511
24 0.744167 0.465859 0.025 0.0814978
4 0.8375 0.672907 0.0216667 0.0947137
6 0.950833 0.79185 0.0216667 0.0947137
31 0.6675 0.813877 0.0216667 0.0814978
15 0.47 0.569383 0.0233333 0.0770925
27 0.230833 0.813877 0.025 0.0726872
4 0.785833 0.667401 0.0283333 0.0837004
22 0.355 0.334802 0.0233333 0.0969163
22 0.325833 0.334802 0.025 0.0969163
32 0.643333 0.460352 0.0266667 0.0837004
18 0.206667 0.465859 0.03 0.0991189
22 0.39 0.340308 0.0233333 0.0903084
25 0.506667 0.214758 0.0266667 0.0991189
37 0.544167 0.342511 0.0283333 0.0947137
28 0.0733333 0.468062 0.0333333 0.0859031
18 0.295 0.462555 0.0266667 0.101322
26 0.758333 0.218062 0.0266667 0.101322
34 0.561667 0.468062 0.0266667 0.0991189
27 0.2575 0.810573 0.025 0.0704846
15 0.295 0.579295 0.0266667 0.0792952
15 0.385 0.573789 0.0233333 0.0814978
32 0.715 0.46696 0.03 0.0837004
4 0.815833 0.213656 0.0216667 0.101322
11 0.915833 0.340308 0.025 0.0991189
31 0.5225 0.667401 0.025 0.0660793
18 0.5275 0.570485 0.0183333 0.0792952
15 0.443333 0.568282 0.0233333 0.0837004
22 0.465 0.345815 0.0266667 0.092511
15 0.414167 0.568282 0.025 0.0792952
18 0.325 0.45815 0.03 0.101322
25 0.541667 0.215859 0.03 0.105727
39 0.183333 0.212555 0.0233333 0.0991189
25 0.5725 0.214758 0.0283333 0.103524
27 0.2075 0.801762 0.0216667 0.0704846
4 0.814167 0.670705 0.0216667 0.0859031
31 0.550833 0.67511 0.0216667 0.0770925
28 0.148333 0.338106 0.02 0.0859031
18 0.471667 0.460352 0.0266667 0.101322
4 0.834167 0.214758 0.0183333 0.0991189
21 0.374167 0.214758 0.0283333 0.103524
37 0.635 0.693833 0.0233333 0.0837004
27 0.1775 0.811674 0.025 0.0726872
37 0.513333 0.344714 0.0266667 0.0903084
28 0.0575 0.345815 0.0283333 0.092511
11 0.834167 0.339207 0.025 0.101322
39 0.254167 0.213656 0.025 0.0969163
32 0.678333 0.462555 0.0266667 0.0881057
22 0.4325 0.344714 0.0283333 0.0947137
31 0.6 0.79185 0.0233333 0.0770925
25 0.606667 0.21696 0.03 0.0991189
33 0.0883333 0.570485 0.0233333 0.0792952
28 0.0183333 0.470264 0.0266667 0.0859031
33 0.1675 0.465859 0.0283333 0.0947137
18 0.4425 0.459251 0.025 0.0947137
21 0.408333 0.215859 0.0266667 0.101322
39 0.213333 0.213656 0.03 0.0969163
28 0.0458333 0.46696 0.0283333 0.092511
39 0.339167 0.211454 0.0283333 0.110132
21 0.44 0.212555 0.03 0.103524
37 0.581667 0.683921 0.0233333 0.0814978
11 0.945833 0.342511 0.025 0.0991189
21 0.474167 0.214758 0.025 0.103524
33 0.136667 0.46696 0.0266667 0.092511
11 0.869167 0.340308 0.025 0.103524
37 0.605833 0.685022 0.0216667 0.0792952
28 0.101667 0.349119 0.0266667 0.0903084
28 0.0241667 0.348018 0.0283333 0.0969163
39 0.310833 0.211454 0.0283333 0.110132
