37 0.355833 0.818282 0.0483333 0.0726872
32 0.135 0.572687 0.03 0.0881057
13 0.440833 0.672907 0.025 0.0814978
25 0.588333 0.215859 0.0566667 0.092511
21 0.486667 0.215859 0.0566667 0.0969163
39 0.326667 0.21696 0.05 0.0903084
31 0.625 0.778634 0.03 0.0638767
37 0.539167 0.343612 0.0316667 0.0881057
24 0.780833 0.46696 0.035 0.0881057
14 0.27 0.699339 0.0233333 0.0770925
11 0.938333 0.343612 0.05 0.0881057
6 0.99 0.788546 0.0166667 0.0881057
2 0.0516667 0.194934 0.02 0.134361
33 0.129167 0.463656 0.0616667 0.0859031
18 0.555 0.460352 0.0266667 0.0969163
24 0.689167 0.789648 0.0216667 0.0770925
1 0.969167 0.221366 0.025 0.0814978
14 0.300833 0.699339 0.025 0.0814978
31 0.6475 0.78304 0.0416667 0.0726872
4 0.984167 0.656388 0.0216667 0.061674
32 0.7025 0.463656 0.025 0.0903084
15 0.460833 0.55837 0.035 0.0770925
34 0.586667 0.45815 0.03 0.0881057
4 0.85 0.692731 0.0266667 0.0947137
2 0.0275 0.192731 0.0283333 0.143172
33 0.690833 0.795154 0.0283333 0.0704846
16 0.215833 0.703744 0.025 0.0770925
14 0.358333 0.687225 0.0233333 0.0837004
31 0.5525 0.667401 0.0183333 0.061674
28 0.0158333 0.701542 0.025 0.0814978
24 0.106667 0.468062 0.0266667 0.0903084
37 0.329167 0.810573 0.0483333 0.0704846
37 0.6025 0.651982 0.025 0.0528634
27 0.0941667 0.819383 0.025 0.0660793
6 0.85 0.69163 0.0233333 0.0969163
24 0.5025 0.77533 0.0183333 0.0484582
14 0.3575 0.570485 0.025 0.0748899
18 0.245833 0.464758 0.0583333 0.0969163
15 0.303333 0.572687 0.03 0.0837004
28 0.0458333 0.702643 0.025 0.0792952
25 0.55 0.218062 0.05 0.092511
15 0.3575 0.570485 0.025 0.0792952
6 0.9475 0.785242 0.0283333 0.0814978
22 0.395 0.331498 0.0233333 0.0903084
37 0.568333 0.655286 0.0166667 0.0506608
37 0.293333 0.800661 0.02 0.0682819
26 0.7625 0.219163 0.025 0.103524
13 0.39 0.679515 0.0233333 0.0814978
4 0.948333 0.653084 0.02 0.0462555
4 0.8575 0.219163 0.0216667 0.0903084
6 0.8975 0.787445 0.0183333 0.0682819
24 0.523333 0.77533 0.0166667 0.0484582
20 0.09 0.816079 0.0233333 0.0682819
11 0.815 0.34141 0.02 0.0881057
6 0.861667 0.797357 0.02 0.0837004
33 0.17 0.564978 0.0233333 0.0726872
4 0.88 0.21696 0.0233333 0.0947137
14 0.331667 0.568282 0.0233333 0.0704846
43 0.0233333 0.805066 0.0233333 0.0682819
18 0.5525 0.555066 0.0216667 0.0704846
6 0.901667 0.689427 0.0233333 0.0881057
14 0.335 0.687225 0.0233333 0.0792952
14 0.3025 0.573789 0.0283333 0.0814978
17 0.195833 0.339207 0.025 0.101322
13 0.413333 0.681718 0.0233333 0.0814978
40 0.638333 0.346916 0.03 0.0947137
27 0.12 0.813877 0.0233333 0.0682819
26 0.79 0.219163 0.0233333 0.103524
34 0.525833 0.459251 0.025 0.0947137
32 0.170833 0.562775 0.025 0.0726872
24 0.733333 0.551762 0.02 0.0682819
15 0.385833 0.572687 0.0216667 0.0792952
32 0.675 0.461454 0.0266667 0.0859031
18 0.194167 0.343612 0.025 0.101322
15 0.413333 0.570485 0.0233333 0.0792952
21 0.473333 0.21696 0.0266667 0.0991189
18 0.471667 0.45815 0.0233333 0.0969163
22 0.45 0.812775 0.0266667 0.0881057
33 0.105 0.571586 0.0233333 0.0770925
1 0.938333 0.21696 0.0233333 0.0991189
6 0.918333 0.786344 0.02 0.0792952
37 0.5875 0.653084 0.0216667 0.0462555
33 0.179167 0.464758 0.0216667 0.0881057
18 0.2325 0.468062 0.0283333 0.0991189
15 0.4725 0.560573 0.0216667 0.0770925
25 0.671667 0.21696 0.0233333 0.103524
31 0.603333 0.77533 0.02 0.0572687
39 0.338333 0.343612 0.03 0.101322
27 0.145 0.816079 0.0233333 0.0726872
27 0.230833 0.818282 0.025 0.0638767
18 0.5775 0.560573 0.025 0.0682819
4 0.815833 0.219163 0.0216667 0.0991189
34 0.554167 0.460352 0.025 0.0969163
4 0.745 0.664097 0.02 0.0638767
4 0.7675 0.674009 0.0316667 0.0792952
25 0.536667 0.219163 0.0233333 0.0991189
39 0.345833 0.218062 0.025 0.0969163
15 0.444167 0.567181 0.025 0.0859031
6 0.965833 0.777533 0.0216667 0.0748899
31 0.466667 0.669604 0.0233333 0.0792952
18 0.613333 0.573789 0.0233333 0.0859031
4 0.813333 0.678414 0.0233333 0.0837004
31 0.58 0.776432 0.0166667 0.0594714
27 0.264167 0.839207 0.025 0.0792952
33 0.0766667 0.57489 0.0266667 0.0748899
25 0.505833 0.219163 0.0283333 0.0991189
24 0.7425 0.468062 0.025 0.0814978
25 0.565 0.222467 0.0233333 0.092511
18 0.443333 0.45815 0.0233333 0.092511
27 0.173333 0.816079 0.0233333 0.0726872
31 0.496667 0.668502 0.0233333 0.0726872
21 0.369167 0.214758 0.0316667 0.0991189
18 0.263333 0.464758 0.03 0.105727
31 0.659167 0.785242 0.0216667 0.0726872
4 0.8375 0.219163 0.0216667 0.0947137
11 0.92 0.342511 0.0266667 0.0991189
33 0.135 0.571586 0.0266667 0.0859031
31 0.635 0.784141 0.02 0.0704846
37 0.5125 0.345815 0.0283333 0.092511
37 0.341667 0.814978 0.0233333 0.0704846
11 0.8975 0.343612 0.0183333 0.0881057
39 0.3075 0.213656 0.025 0.101322
11 0.840833 0.343612 0.025 0.0969163
27 0.2 0.834802 0.0233333 0.0704846
33 0.149167 0.465859 0.025 0.0859031
18 0.205 0.465859 0.03 0.0991189
33 0.725 0.814978 0.0233333 0.0792952
22 0.475 0.343612 0.0266667 0.092511
18 0.415833 0.45815 0.025 0.0969163
11 0.953333 0.34141 0.0266667 0.101322
31 0.535 0.692731 0.0233333 0.0814978
11 0.981667 0.339207 0.0233333 0.101322
33 0.1075 0.46696 0.0283333 0.0837004
39 0.21 0.214758 0.03 0.0947137
39 0.241667 0.215859 0.0233333 0.0969163
18 0.384167 0.460352 0.0283333 0.101322
28 0.0575 0.345815 0.0283333 0.0969163
28 0.0591667 0.46696 0.0283333 0.0837004
37 0.368333 0.816079 0.0233333 0.0770925
39 0.176667 0.210352 0.0266667 0.103524
22 0.445 0.340308 0.0233333 0.0947137
37 0.315833 0.802863 0.0216667 0.0682819
28 0.02 0.471366 0.03 0.0881057
11 0.87 0.343612 0.0266667 0.0969163
28 0.145833 0.345815 0.025 0.092511
25 0.638333 0.218062 0.0333333 0.105727
28 0.09 0.343612 0.0333333 0.0969163
25 0.604167 0.218062 0.0283333 0.101322
21 0.406667 0.214758 0.03 0.103524
28 0.0258333 0.351322 0.0283333 0.0947137
21 0.439167 0.214758 0.0283333 0.103524
