19 0.32 0.335903 0.0266667 0.10793
28 0.0583333 0.704846 0.05 0.0748899
32 0.158333 0.572687 0.0233333 0.0837004
39 0.3475 0.335903 0.025 0.10793
22 0.320833 0.340308 0.0283333 0.10793
25 0.771667 0.21696 0.0266667 0.0991189
37 0.475 0.809471 0.0266667 0.0814978
25 0.474167 0.213656 0.0283333 0.101322
34 0.516667 0.462555 0.0566667 0.092511
33 0.105833 0.465859 0.0283333 0.0903084
12 0.864167 0.794053 0.0216667 0.0903084
28 0.744167 0.46696 0.0283333 0.092511
14 0.299167 0.698238 0.025 0.0837004
18 0.560833 0.465859 0.0283333 0.0991189
12 0.843333 0.789648 0.03 0.0947137
34 0.531667 0.46696 0.0266667 0.0969163
4 0.851667 0.682819 0.0233333 0.110132
26 0.755 0.218062 0.0566667 0.0969163
13 0.4125 0.680617 0.0216667 0.0792952
4 0.795 0.681718 0.0366667 0.103524
31 0.509167 0.687225 0.0483333 0.0881057
12 0.77 0.798458 0.0233333 0.0947137
17 0.32 0.337004 0.0266667 0.114537
15 0.235833 0.578194 0.025 0.0814978
33 0.618333 0.57489 0.0233333 0.0837004
31 0.5675 0.685022 0.045 0.0792952
15 0.2075 0.57489 0.0216667 0.0792952
16 0.241667 0.697137 0.0266667 0.0770925
18 0.386667 0.455947 0.0233333 0.0969163
32 0.6175 0.57489 0.0216667 0.0837004
18 0.590833 0.465859 0.0283333 0.0991189
10 0.9575 0.566079 0.0316667 0.0881057
33 0.719167 0.799559 0.0183333 0.0704846
25 0.555 0.214758 0.0566667 0.0947137
10 0.97 0.566079 0.02 0.0881057
31 0.475833 0.692731 0.0416667 0.0903084
25 0.526667 0.213656 0.0533333 0.101322
25 0.590833 0.212555 0.0583333 0.0947137
37 0.5425 0.342511 0.0283333 0.0947137
18 0.29 0.338106 0.0266667 0.112335
31 0.669167 0.810573 0.0216667 0.0792952
39 0.376667 0.209251 0.03 0.105727
43 0.0133333 0.812775 0.0233333 0.0660793
1 0.9475 0.209251 0.045 0.123348
32 0.126667 0.572687 0.0233333 0.0837004
12 0.828333 0.45815 0.02 0.101322
40 0.605 0.342511 0.0266667 0.0947137
22 0.449167 0.811674 0.025 0.0814978
4 0.828333 0.214758 0.0233333 0.103524
24 0.58 0.774229 0.0233333 0.0594714
18 0.355833 0.457048 0.025 0.103524
18 0.4975 0.462555 0.035 0.0969163
12 0.793333 0.795154 0.02 0.0969163
10 0.9625 0.460352 0.0216667 0.101322
27 0.12 0.812775 0.0266667 0.0704846
33 0.015 0.814978 0.0266667 0.0748899
26 0.698333 0.21696 0.0233333 0.0991189
37 0.615 0.671806 0.0333333 0.0792952
18 0.233333 0.464758 0.03 0.101322
26 0.788333 0.218062 0.05 0.0969163
17 0.3575 0.457048 0.035 0.0947137
1 0.969167 0.205947 0.045 0.121145
4 0.853333 0.211454 0.02 0.101322
1 0.9325 0.204846 0.0283333 0.123348
2 0.115 0.182819 0.0266667 0.136564
27 0.095 0.817181 0.0233333 0.0704846
2 0.085 0.181718 0.03 0.147577
14 0.355833 0.693833 0.0216667 0.0837004
16 0.215833 0.698238 0.025 0.0792952
2 0.0258333 0.183921 0.0283333 0.160793
28 0.105833 0.46696 0.0283333 0.092511
11 0.936667 0.344714 0.0366667 0.103524
20 0.0816667 0.811674 0.03 0.0726872
39 0.334167 0.218062 0.0183333 0.0881057
13 0.44 0.693833 0.0233333 0.0881057
27 0.145833 0.813877 0.0283333 0.0726872
17 0.2925 0.462555 0.025 0.0969163
31 0.63 0.770925 0.0233333 0.061674
28 0.015 0.702643 0.0266667 0.0792952
11 0.9675 0.685022 0.025 0.092511
18 0.323333 0.459251 0.03 0.103524
17 0.29 0.337004 0.0266667 0.114537
18 0.2625 0.463656 0.0283333 0.103524
15 0.321667 0.578194 0.0266667 0.0859031
28 0.728333 0.571586 0.0233333 0.0814978
26 0.7375 0.215859 0.025 0.101322
1 0.985 0.20815 0.0233333 0.121145
14 0.321667 0.578194 0.0233333 0.0814978
18 0.415 0.460352 0.0233333 0.101322
6 0.935 0.794053 0.02 0.0991189
15 0.381667 0.577093 0.0233333 0.0792952
31 0.5 0.694934 0.0233333 0.0947137
18 0.293333 0.462555 0.03 0.101322
14 0.294167 0.580396 0.025 0.0859031
33 0.129167 0.572687 0.025 0.0748899
15 0.470833 0.575991 0.025 0.0814978
15 0.351667 0.579295 0.0266667 0.0748899
18 0.205 0.465859 0.0266667 0.0991189
4 0.900833 0.211454 0.0183333 0.105727
12 0.816667 0.795154 0.02 0.101322
40 0.633333 0.34141 0.0266667 0.092511
17 0.324167 0.459251 0.0283333 0.0991189
26 0.801667 0.214758 0.0266667 0.0991189
27 0.23 0.814978 0.0233333 0.0660793
28 0.765833 0.580396 0.0216667 0.0859031
32 0.655 0.46696 0.0266667 0.0969163
15 0.441667 0.575991 0.02 0.0814978
4 0.805833 0.677313 0.0183333 0.0947137
34 0.590833 0.464758 0.025 0.0969163
25 0.5075 0.211454 0.025 0.101322
31 0.581667 0.773128 0.02 0.0660793
27 0.2575 0.810573 0.025 0.0704846
33 0.1 0.571586 0.0266667 0.0770925
22 0.465 0.345815 0.0266667 0.092511
4 0.876667 0.211454 0.0233333 0.105727
27 0.205833 0.801762 0.0216667 0.0704846
14 0.328333 0.696035 0.0233333 0.0837004
26 0.773333 0.214758 0.0266667 0.0991189
11 0.925 0.339207 0.0233333 0.0969163
24 0.744167 0.465859 0.025 0.0814978
25 0.570833 0.215859 0.025 0.101322
24 0.529167 0.79185 0.0216667 0.0770925
15 0.410833 0.578194 0.025 0.0814978
24 0.504167 0.80837 0.0216667 0.0837004
32 0.715833 0.468062 0.025 0.0859031
28 0.0725 0.701542 0.025 0.0770925
18 0.500833 0.577093 0.025 0.0881057
15 0.295 0.580396 0.0266667 0.0770925
25 0.541667 0.214758 0.0266667 0.0991189
27 0.1775 0.811674 0.025 0.0726872
28 0.075 0.469163 0.0333333 0.0881057
28 0.0441667 0.702643 0.025 0.0748899
33 0.6975 0.810573 0.025 0.0792952
11 0.9475 0.34141 0.0216667 0.0969163
18 0.470833 0.460352 0.025 0.101322
18 0.529167 0.57489 0.025 0.0881057
32 0.684167 0.465859 0.025 0.0903084
34 0.561667 0.469163 0.0266667 0.0969163
37 0.5125 0.344714 0.0283333 0.0903084
31 0.604167 0.781938 0.0183333 0.0660793
33 0.168333 0.46696 0.03 0.092511
22 0.4325 0.343612 0.0283333 0.0969163
24 0.554167 0.796256 0.0216667 0.0726872
31 0.5225 0.686123 0.0216667 0.0814978
37 0.5775 0.681718 0.0216667 0.0814978
25 0.670833 0.215859 0.0283333 0.0969163
11 0.834167 0.339207 0.0283333 0.101322
37 0.626667 0.670705 0.02 0.0814978
18 0.441667 0.459251 0.0266667 0.0947137
11 0.896667 0.339207 0.0233333 0.105727
4 0.780833 0.683921 0.0216667 0.112335
21 0.375833 0.215859 0.0316667 0.0969163
11 0.9725 0.335903 0.025 0.0991189
37 0.603333 0.674009 0.02 0.0792952
31 0.551667 0.683921 0.0266667 0.0859031
33 0.0591667 0.584802 0.025 0.0814978
39 0.175 0.20815 0.03 0.103524
37 0.34 0.813877 0.0233333 0.0770925
39 0.305 0.214758 0.0266667 0.103524
37 0.288333 0.811674 0.0233333 0.0726872
21 0.4725 0.213656 0.025 0.101322
21 0.440833 0.211454 0.0316667 0.101322
37 0.313333 0.812775 0.0266667 0.0792952
39 0.216667 0.212555 0.0233333 0.0947137
28 0.0591667 0.345815 0.0283333 0.092511
28 0.0183333 0.473568 0.0266667 0.092511
33 0.136667 0.46696 0.0266667 0.092511
39 0.243333 0.213656 0.0266667 0.0969163
28 0.0458333 0.468062 0.0283333 0.0947137
21 0.408333 0.213656 0.0266667 0.101322
11 0.8675 0.338106 0.025 0.103524
28 0.0258333 0.35022 0.0283333 0.092511
25 0.608333 0.21696 0.0266667 0.103524
25 0.64 0.21696 0.03 0.103524
