10 0.948333 0.571586 0.02 0.0947137
18 0.644167 0.57489 0.0216667 0.0837004
14 0.3575 0.685022 0.0216667 0.0837004
25 0.625 0.21696 0.05 0.0991189
21 0.453333 0.212555 0.02 0.0991189
6 0.923333 0.688326 0.02 0.0991189
10 0.959167 0.567181 0.0316667 0.0859031
25 0.705833 0.215859 0.025 0.101322
2 0.05 0.193833 0.02 0.132159
10 0.985833 0.462555 0.0183333 0.0881057
37 0.525 0.345815 0.05 0.092511
37 0.355 0.818282 0.05 0.0770925
33 0.711667 0.811674 0.0433333 0.0726872
10 0.913333 0.461454 0.0233333 0.0903084
33 0.106667 0.581498 0.0466667 0.0837004
16 0.243333 0.699339 0.03 0.0814978
4 0.819167 0.683921 0.0216667 0.0814978
24 0.0158333 0.579295 0.0216667 0.0748899
31 0.614167 0.778634 0.025 0.0550661
18 0.4 0.457048 0.0566667 0.0991189
8 0.896667 0.687225 0.0233333 0.092511
1 0.936667 0.211454 0.02 0.118943
36 0.669167 0.571586 0.0216667 0.0814978
26 0.746667 0.221366 0.0533333 0.0991189
33 0.126667 0.462555 0.0666667 0.0881057
33 0.135 0.582599 0.0533333 0.0770925
25 0.521667 0.214758 0.0566667 0.0991189
31 0.5125 0.669604 0.0416667 0.0748899
25 0.556667 0.214758 0.0633333 0.0947137
6 0.909167 0.794053 0.025 0.0991189
34 0.531667 0.468062 0.0266667 0.0947137
28 0.169167 0.343612 0.045 0.092511
13 0.411667 0.692731 0.0233333 0.0859031
33 0.04 0.573789 0.02 0.0770925
14 0.355 0.570485 0.0233333 0.0792952
24 0.783333 0.468062 0.0433333 0.0859031
6 0.8525 0.687225 0.0216667 0.092511
18 0.256667 0.340308 0.0233333 0.10793
4 0.841667 0.685022 0.0366667 0.0881057
18 0.191667 0.34141 0.0266667 0.105727
26 0.7125 0.218062 0.0383333 0.0969163
11 0.854167 0.343612 0.0416667 0.0837004
6 0.94 0.792952 0.0233333 0.0881057
40 0.669167 0.348018 0.0283333 0.092511
15 0.3575 0.570485 0.025 0.0792952
4 0.789167 0.689427 0.0383333 0.092511
11 0.8375 0.343612 0.0383333 0.0969163
25 0.590833 0.212555 0.0583333 0.0991189
37 0.293333 0.799559 0.02 0.0660793
28 0.0158333 0.700441 0.025 0.0837004
4 0.915 0.209251 0.0233333 0.110132
6 0.86 0.797357 0.02 0.092511
2 0.128333 0.192731 0.0233333 0.147577
22 0.449167 0.811674 0.025 0.0859031
37 0.5425 0.343612 0.025 0.092511
14 0.3275 0.569383 0.0283333 0.0859031
15 0.261667 0.578194 0.0233333 0.0682819
40 0.596667 0.34141 0.0266667 0.092511
32 0.618333 0.464758 0.0233333 0.0881057
39 0.336667 0.340308 0.0266667 0.0991189
14 0.298333 0.571586 0.0233333 0.0814978
27 0.0941667 0.817181 0.0216667 0.0660793
6 0.875 0.688326 0.0233333 0.0947137
28 0.0725 0.702643 0.0283333 0.0792952
1 0.9825 0.213656 0.0216667 0.110132
20 0.0875 0.813877 0.025 0.0726872
31 0.651667 0.802863 0.04 0.0726872
33 0.120833 0.580396 0.025 0.0770925
4 0.821667 0.570485 0.02 0.0881057
22 0.335 0.340308 0.0266667 0.10793
31 0.498333 0.677313 0.0233333 0.0903084
27 0.120833 0.812775 0.025 0.0704846
25 0.540833 0.215859 0.025 0.0969163
28 0.753333 0.568282 0.0233333 0.0837004
26 0.803333 0.21696 0.0233333 0.103524
24 0.525833 0.774229 0.0183333 0.0506608
1 0.9625 0.209251 0.0316667 0.110132
2 0.025 0.189427 0.03 0.145374
1 0.949167 0.210352 0.0383333 0.112335
16 0.215 0.701542 0.0233333 0.0814978
4 0.885833 0.211454 0.0216667 0.101322
40 0.638333 0.345815 0.03 0.0969163
18 0.614167 0.573789 0.025 0.0859031
32 0.710833 0.468062 0.0283333 0.0814978
25 0.505833 0.215859 0.0283333 0.105727
34 0.59 0.463656 0.0233333 0.0947137
13 0.438333 0.693833 0.0233333 0.0881057
15 0.298333 0.571586 0.0266667 0.0814978
32 0.120833 0.581498 0.025 0.0837004
15 0.215 0.582599 0.0266667 0.0814978
14 0.333333 0.686123 0.02 0.0814978
26 0.759167 0.220264 0.025 0.0969163
32 0.645833 0.462555 0.025 0.0881057
24 0.575833 0.77533 0.025 0.0660793
27 0.145 0.814978 0.0233333 0.0748899
43 0.0233333 0.803965 0.0233333 0.0704846
32 0.150833 0.578194 0.025 0.0814978
36 0.704167 0.577093 0.025 0.092511
24 0.794167 0.571586 0.025 0.0859031
11 0.974167 0.345815 0.0316667 0.0969163
15 0.441667 0.57489 0.0233333 0.0837004
31 0.468333 0.689427 0.0233333 0.0881057
33 0.151667 0.579295 0.0233333 0.0792952
31 0.6675 0.806167 0.025 0.0837004
18 0.3875 0.455947 0.025 0.0969163
33 0.1775 0.461454 0.0216667 0.0903084
39 0.345833 0.21696 0.0216667 0.0991189
31 0.58 0.77533 0.02 0.0572687
15 0.386667 0.572687 0.0233333 0.0792952
6 0.979167 0.796256 0.025 0.0991189
4 0.745 0.660793 0.02 0.0660793
33 0.0633333 0.578194 0.0233333 0.0814978
18 0.58 0.57489 0.0266667 0.0837004
4 0.803333 0.686123 0.0233333 0.0859031
28 0.0458333 0.700441 0.025 0.0792952
27 0.263333 0.835903 0.0233333 0.0814978
34 0.5625 0.468062 0.025 0.0947137
22 0.4725 0.343612 0.025 0.0969163
17 0.190833 0.337004 0.0283333 0.105727
21 0.470833 0.215859 0.025 0.0969163
18 0.2325 0.463656 0.0283333 0.0991189
27 0.231667 0.818282 0.0233333 0.0682819
4 0.864167 0.214758 0.0216667 0.0991189
11 0.896667 0.342511 0.0166667 0.0859031
27 0.173333 0.820485 0.0233333 0.0682819
25 0.570833 0.214758 0.0283333 0.103524
4 0.841667 0.213656 0.0233333 0.101322
15 0.4125 0.571586 0.0216667 0.0770925
11 0.819167 0.342511 0.0216667 0.0991189
18 0.5525 0.575991 0.025 0.0859031
4 0.83 0.681718 0.02 0.0770925
11 0.92 0.343612 0.0266667 0.0969163
33 0.724167 0.809471 0.0216667 0.0814978
24 0.741667 0.468062 0.0266667 0.0770925
18 0.474167 0.460352 0.025 0.0969163
28 0.0166667 0.579295 0.02 0.0704846
31 0.604167 0.774229 0.0216667 0.0594714
37 0.510833 0.344714 0.0283333 0.103524
33 0.0908333 0.579295 0.025 0.0792952
11 0.95 0.344714 0.0266667 0.0991189
33 0.699167 0.809471 0.025 0.0770925
27 0.2 0.835903 0.0233333 0.0726872
15 0.468333 0.577093 0.0266667 0.0837004
31 0.524167 0.672907 0.025 0.0859031
32 0.675 0.462555 0.0266667 0.0881057
25 0.671667 0.21696 0.03 0.0991189
4 0.778333 0.687225 0.02 0.092511
31 0.638333 0.795154 0.0233333 0.0748899
37 0.341667 0.813877 0.0233333 0.0726872
33 0.150833 0.464758 0.025 0.0881057
18 0.204167 0.463656 0.0283333 0.0947137
28 0.0575 0.343612 0.025 0.092511
22 0.3775 0.34141 0.025 0.105727
33 0.106667 0.464758 0.0266667 0.0881057
37 0.315833 0.802863 0.0216667 0.0682819
31 0.551667 0.683921 0.0233333 0.0859031
18 0.414167 0.461454 0.025 0.103524
18 0.261667 0.460352 0.03 0.105727
24 0.5025 0.80837 0.0216667 0.092511
21 0.371667 0.214758 0.0266667 0.0991189
24 0.755 0.571586 0.0266667 0.0814978
22 0.440833 0.340308 0.025 0.0991189
18 0.445833 0.459251 0.025 0.0947137
17 0.256667 0.335903 0.0233333 0.10793
22 0.41 0.34141 0.0266667 0.101322
11 0.870833 0.345815 0.025 0.092511
39 0.175833 0.210352 0.0283333 0.103524
28 0.0583333 0.465859 0.0266667 0.0859031
39 0.300833 0.212555 0.025 0.103524
28 0.0208333 0.465859 0.0316667 0.0859031
21 0.439167 0.213656 0.0283333 0.101322
37 0.605833 0.683921 0.0216667 0.0814978
21 0.406667 0.212555 0.03 0.103524
37 0.580833 0.685022 0.025 0.0792952
37 0.3675 0.813877 0.025 0.0770925
28 0.0883333 0.343612 0.03 0.092511
39 0.2075 0.211454 0.0283333 0.0969163
25 0.609167 0.218062 0.0283333 0.105727
28 0.0241667 0.348018 0.0283333 0.0969163
39 0.2425 0.211454 0.025 0.0969163
28 0.1325 0.348018 0.025 0.0969163
25 0.64 0.218062 0.03 0.105727
