22 0.428333 0.337004 0.05 0.0881057
11 0.985833 0.340308 0.0183333 0.0903084
28 0.065 0.343612 0.0633333 0.092511
11 0.966667 0.679515 0.0233333 0.0947137
18 0.385833 0.464758 0.025 0.101322
21 0.345 0.212555 0.0333333 0.103524
15 0.454167 0.582599 0.0416667 0.0770925
15 0.21 0.5837 0.02 0.0748899
17 0.238333 0.338106 0.05 0.0991189
12 0.829167 0.784141 0.0216667 0.0837004
16 0.299167 0.696035 0.025 0.0792952
19 0.290833 0.340308 0.0216667 0.0991189
14 0.274167 0.69163 0.0183333 0.0748899
27 0.2475 0.811674 0.035 0.0638767
34 0.515833 0.462555 0.0583333 0.0881057
43 0.0116667 0.817181 0.02 0.0704846
37 0.299167 0.814978 0.0516667 0.0748899
15 0.501667 0.571586 0.0266667 0.0814978
18 0.355 0.45815 0.0233333 0.101322
11 0.991667 0.346916 0.0133333 0.0903084
26 0.705833 0.218062 0.025 0.0969163
26 0.724167 0.219163 0.055 0.0947137
6 0.939167 0.784141 0.0183333 0.0881057
11 0.955833 0.3337 0.025 0.0859031
28 0.528333 0.794053 0.0233333 0.0770925
1 0.97 0.205947 0.04 0.112335
18 0.298333 0.460352 0.0266667 0.0969163
31 0.5725 0.686123 0.0383333 0.0814978
15 0.354167 0.571586 0.0283333 0.0814978
18 0.541667 0.567181 0.0466667 0.0859031
4 0.8025 0.689427 0.0616667 0.101322
32 0.634167 0.468062 0.055 0.0859031
37 0.541667 0.344714 0.0266667 0.0947137
28 0.0558333 0.693833 0.0216667 0.0748899
11 0.8275 0.343612 0.0483333 0.092511
33 0.105 0.46696 0.0266667 0.0969163
24 0.790833 0.45815 0.0216667 0.0969163
43 0.03 0.696035 0.0233333 0.0837004
43 0.0633333 0.811674 0.0233333 0.0682819
2 0.1175 0.189427 0.025 0.14978
14 0.299167 0.699339 0.025 0.0859031
11 0.910833 0.344714 0.0416667 0.0991189
15 0.259167 0.580396 0.0216667 0.0726872
14 0.354167 0.572687 0.025 0.0792952
28 0.1 0.342511 0.06 0.0947137
26 0.779167 0.220264 0.0383333 0.0969163
17 0.213333 0.340308 0.05 0.0991189
6 0.895833 0.785242 0.0183333 0.0814978
27 0.235 0.799559 0.0233333 0.0660793
8 0.851667 0.685022 0.0266667 0.105727
11 0.8625 0.340308 0.0183333 0.103524
31 0.476667 0.794053 0.0233333 0.0814978
34 0.501667 0.468062 0.0233333 0.0947137
4 0.965 0.681718 0.0233333 0.0991189
18 0.226667 0.339207 0.0266667 0.105727
24 0.7425 0.460352 0.0416667 0.0881057
4 0.903333 0.21696 0.02 0.0991189
33 0.678333 0.777533 0.02 0.0572687
11 0.804167 0.786344 0.0183333 0.0837004
4 0.985833 0.566079 0.0216667 0.092511
5 0.8925 0.459251 0.025 0.103524
27 0.119167 0.816079 0.025 0.0682819
12 0.821667 0.45815 0.0233333 0.101322
31 0.5975 0.803965 0.035 0.0792952
25 0.576667 0.218062 0.0433333 0.092511
11 0.828333 0.784141 0.0166667 0.0881057
4 0.838333 0.213656 0.04 0.105727
39 0.273333 0.21696 0.0233333 0.0947137
24 0.540833 0.797357 0.0416667 0.0748899
6 0.918333 0.78304 0.02 0.0859031
11 0.943333 0.686123 0.0233333 0.0903084
24 0.555 0.795154 0.0233333 0.0748899
25 0.535 0.218062 0.0233333 0.0969163
14 0.355833 0.697137 0.0216667 0.0814978
25 0.505833 0.218062 0.025 0.101322
36 0.666667 0.572687 0.0266667 0.0837004
1 0.9825 0.207048 0.0216667 0.110132
2 0.0525 0.190529 0.025 0.147577
40 0.636667 0.345815 0.03 0.0969163
34 0.53 0.46696 0.0266667 0.092511
37 0.3275 0.811674 0.0483333 0.0726872
12 0.849167 0.785242 0.0183333 0.0859031
22 0.3725 0.342511 0.0316667 0.0991189
36 0.641667 0.568282 0.02 0.0881057
6 0.965 0.781938 0.02 0.0881057
18 0.501667 0.464758 0.0266667 0.0969163
27 0.146667 0.816079 0.0266667 0.0726872
11 0.925833 0.344714 0.025 0.0991189
24 0.759167 0.457048 0.0216667 0.0859031
15 0.293333 0.5837 0.0266667 0.0748899
27 0.0916667 0.818282 0.0266667 0.0726872
1 0.939167 0.209251 0.0283333 0.123348
22 0.4475 0.810573 0.025 0.0792952
15 0.236667 0.581498 0.0233333 0.0704846
25 0.638333 0.218062 0.0266667 0.0969163
27 0.175833 0.816079 0.0216667 0.0726872
18 0.1975 0.340308 0.025 0.103524
15 0.385833 0.573789 0.0216667 0.0770925
17 0.328333 0.461454 0.0266667 0.0991189
31 0.495833 0.688326 0.0216667 0.0859031
11 0.780833 0.786344 0.0216667 0.092511
11 0.815833 0.34141 0.0216667 0.101322
6 0.986667 0.781938 0.02 0.0837004
25 0.666667 0.218062 0.03 0.105727
2 0.0891667 0.192731 0.0283333 0.151982
33 0.705833 0.779736 0.0183333 0.0660793
28 0.163333 0.342511 0.0233333 0.0991189
18 0.2675 0.461454 0.0283333 0.0991189
18 0.555833 0.570485 0.0216667 0.0881057
14 0.3275 0.699339 0.0216667 0.0814978
25 0.590833 0.219163 0.025 0.0947137
14 0.295 0.581498 0.0233333 0.0837004
31 0.630833 0.779736 0.0183333 0.061674
2 0.0225 0.187225 0.025 0.14978
20 0.09 0.817181 0.0233333 0.0748899
11 0.843333 0.342511 0.0233333 0.103524
33 0.166667 0.470264 0.03 0.0903084
15 0.44 0.578194 0.0233333 0.0770925
17 0.261667 0.339207 0.0233333 0.101322
26 0.764167 0.219163 0.025 0.103524
2 0.140833 0.187225 0.025 0.145374
34 0.589167 0.468062 0.025 0.0903084
28 0.105 0.470264 0.0266667 0.0947137
24 0.5025 0.797357 0.025 0.0748899
18 0.4125 0.462555 0.025 0.101322
31 0.610833 0.795154 0.0216667 0.0748899
24 0.528333 0.794053 0.0233333 0.0770925
31 0.586667 0.812775 0.0233333 0.0837004
18 0.529167 0.569383 0.025 0.0903084
18 0.500833 0.567181 0.0216667 0.0903084
25 0.563333 0.223568 0.0266667 0.0947137
26 0.791667 0.218062 0.0233333 0.105727
21 0.374167 0.215859 0.0283333 0.101322
32 0.650833 0.468062 0.025 0.0947137
18 0.235 0.468062 0.03 0.0991189
32 0.680833 0.468062 0.025 0.0947137
15 0.411667 0.572687 0.0233333 0.0748899
37 0.2875 0.812775 0.0216667 0.0704846
32 0.620833 0.46696 0.025 0.0969163
4 0.825 0.213656 0.0266667 0.101322
37 0.5125 0.348018 0.0283333 0.092511
22 0.446667 0.335903 0.0233333 0.0903084
26 0.735833 0.219163 0.025 0.103524
18 0.470833 0.462555 0.025 0.101322
11 0.895833 0.344714 0.025 0.10793
34 0.560833 0.464758 0.025 0.0969163
33 0.0883333 0.581498 0.0266667 0.0792952
18 0.205 0.46696 0.03 0.0969163
28 0.765 0.578194 0.02 0.0859031
14 0.323333 0.581498 0.0233333 0.0792952
4 0.853333 0.212555 0.0233333 0.112335
15 0.469167 0.578194 0.025 0.0814978
4 0.878333 0.214758 0.0233333 0.103524
27 0.258333 0.814978 0.0233333 0.0748899
33 0.0583333 0.581498 0.0266667 0.0748899
27 0.201667 0.814978 0.0233333 0.0704846
39 0.340833 0.213656 0.0283333 0.105727
37 0.609167 0.696035 0.025 0.0837004
4 0.820833 0.682819 0.0283333 0.114537
18 0.440833 0.460352 0.025 0.101322
28 0.0758333 0.469163 0.025 0.092511
28 0.0558333 0.344714 0.0283333 0.0947137
37 0.341667 0.814978 0.0233333 0.0748899
37 0.635833 0.696035 0.025 0.0792952
37 0.37 0.814978 0.0233333 0.0792952
37 0.58 0.685022 0.0233333 0.0792952
39 0.176667 0.212555 0.0266667 0.103524
31 0.549167 0.682819 0.025 0.0837004
31 0.5225 0.685022 0.025 0.0792952
4 0.7825 0.687225 0.025 0.101322
37 0.314167 0.814978 0.025 0.0748899
21 0.471667 0.21696 0.0266667 0.0947137
33 0.1375 0.470264 0.025 0.0947137
28 0.0183333 0.472467 0.0266667 0.0903084
39 0.243333 0.213656 0.0266667 0.101322
22 0.41 0.340308 0.0266667 0.0991189
39 0.206667 0.215859 0.03 0.0969163
28 0.0458333 0.469163 0.0283333 0.0969163
21 0.440833 0.214758 0.0316667 0.0991189
28 0.0241667 0.345815 0.0283333 0.101322
28 0.12 0.344714 0.0266667 0.0991189
39 0.3125 0.211454 0.0283333 0.110132
21 0.408333 0.215859 0.03 0.101322
28 0.0883333 0.344714 0.0266667 0.0991189
