32 0.67 0.469163 0.0533333 0.0881057
22 0.395 0.810573 0.0233333 0.0792952
22 0.38 0.342511 0.0233333 0.0991189
30 0.128333 0.702643 0.0266667 0.0748899
32 0.646667 0.578194 0.02 0.0859031
16 0.243333 0.697137 0.03 0.0770925
5 0.940833 0.455947 0.0216667 0.0969163
14 0.299167 0.698238 0.025 0.0837004
37 0.525833 0.345815 0.0483333 0.092511
28 0.744167 0.46696 0.0283333 0.0881057
12 0.793333 0.795154 0.02 0.0969163
27 0.0908333 0.817181 0.025 0.0704846
34 0.516667 0.463656 0.0566667 0.0903084
18 0.560833 0.465859 0.0283333 0.0991189
33 0.931667 0.805066 0.02 0.0638767
17 0.2025 0.338106 0.055 0.10793
15 0.206667 0.575991 0.02 0.0814978
18 0.590833 0.465859 0.0283333 0.0991189
26 0.788333 0.219163 0.0566667 0.0947137
37 0.5725 0.345815 0.0283333 0.0969163
4 0.8 0.679515 0.0233333 0.0903084
32 0.619167 0.577093 0.0216667 0.0837004
26 0.755 0.219163 0.0566667 0.0947137
19 0.289167 0.338106 0.025 0.103524
12 0.770833 0.800661 0.0183333 0.0947137
12 0.826667 0.459251 0.02 0.0991189
33 0.708333 0.813877 0.0433333 0.0682819
1 0.983333 0.209251 0.0233333 0.114537
24 0.518333 0.80837 0.0533333 0.0837004
13 0.410833 0.69163 0.0316667 0.0837004
4 0.843333 0.680617 0.0333333 0.105727
18 0.385 0.455947 0.0266667 0.101322
40 0.605833 0.342511 0.0283333 0.0903084
22 0.445 0.334802 0.02 0.0881057
18 0.3225 0.460352 0.0283333 0.101322
37 0.6225 0.693833 0.045 0.0837004
37 0.475833 0.809471 0.025 0.0814978
27 0.12 0.812775 0.0266667 0.0704846
1 0.946667 0.20815 0.0433333 0.125551
28 0.015 0.702643 0.0266667 0.0792952
25 0.525 0.213656 0.0533333 0.101322
18 0.2325 0.465859 0.0283333 0.0991189
37 0.595833 0.696035 0.0483333 0.0837004
2 0.1125 0.182819 0.0316667 0.145374
25 0.591667 0.212555 0.0566667 0.0991189
17 0.353333 0.462555 0.0333333 0.0969163
1 0.9675 0.205947 0.0416667 0.121145
1 0.933333 0.203744 0.03 0.121145
43 0.065 0.812775 0.0233333 0.0660793
24 0.7625 0.580396 0.025 0.0859031
24 0.734167 0.579295 0.0216667 0.0837004
34 0.5025 0.46696 0.0216667 0.101322
14 0.355833 0.693833 0.0216667 0.0837004
37 0.543333 0.344714 0.0266667 0.0947137
14 0.293333 0.579295 0.0266667 0.0837004
2 0.0816667 0.181718 0.0266667 0.134361
18 0.196667 0.338106 0.0433333 0.10793
31 0.586667 0.80837 0.0266667 0.0837004
18 0.353333 0.461454 0.0266667 0.0991189
15 0.235833 0.578194 0.025 0.0682819
25 0.7075 0.215859 0.025 0.101322
2 0.025 0.185022 0.03 0.154185
15 0.321667 0.578194 0.0266667 0.0859031
31 0.499167 0.696035 0.025 0.092511
18 0.253333 0.338106 0.03 0.10793
10 0.9625 0.459251 0.0216667 0.0991189
26 0.704167 0.21696 0.025 0.0947137
16 0.215833 0.699339 0.025 0.0770925
28 0.733333 0.580396 0.0233333 0.0859031
15 0.2625 0.577093 0.0216667 0.0748899
32 0.1575 0.570485 0.025 0.0792952
18 0.5 0.463656 0.03 0.0991189
17 0.323333 0.460352 0.0266667 0.101322
31 0.554167 0.696035 0.0216667 0.0837004
40 0.668333 0.346916 0.0266667 0.0947137
18 0.291667 0.462555 0.03 0.101322
27 0.145 0.814978 0.0266667 0.0748899
28 0.760833 0.581498 0.025 0.0837004
28 0.0716667 0.701542 0.0266667 0.0770925
18 0.500833 0.579295 0.025 0.0837004
25 0.555 0.21696 0.05 0.0991189
12 0.816667 0.796256 0.02 0.0991189
34 0.530833 0.46696 0.025 0.101322
15 0.38 0.577093 0.0233333 0.0792952
32 0.715833 0.469163 0.025 0.0881057
18 0.2625 0.464758 0.0283333 0.101322
32 0.6525 0.465859 0.0283333 0.0859031
4 0.814167 0.680617 0.0216667 0.092511
18 0.558333 0.580396 0.0233333 0.0859031
40 0.6375 0.344714 0.0283333 0.0947137
14 0.320833 0.577093 0.025 0.0792952
15 0.351667 0.579295 0.0266667 0.0748899
11 0.9825 0.342511 0.025 0.103524
4 0.9 0.211454 0.02 0.105727
13 0.439167 0.696035 0.025 0.0881057
24 0.744167 0.465859 0.025 0.0814978
33 0.0891667 0.581498 0.025 0.0792952
15 0.47 0.575991 0.0233333 0.0770925
28 0.105 0.465859 0.03 0.0947137
31 0.668333 0.811674 0.0233333 0.0726872
31 0.618333 0.811674 0.02 0.0726872
34 0.588333 0.46696 0.0266667 0.0969163
22 0.449167 0.806167 0.0283333 0.0837004
27 0.255833 0.809471 0.025 0.0726872
25 0.540833 0.215859 0.0283333 0.105727
14 0.326667 0.696035 0.0233333 0.0837004
24 0.530833 0.805066 0.025 0.0814978
27 0.23 0.812775 0.0233333 0.0748899
15 0.440833 0.577093 0.0216667 0.0792952
4 0.83 0.679515 0.0166667 0.0903084
15 0.293333 0.578194 0.0266667 0.0814978
26 0.801667 0.215859 0.0266667 0.101322
25 0.5725 0.214758 0.0283333 0.103524
28 0.0433333 0.705947 0.0266667 0.0770925
32 0.119167 0.580396 0.0283333 0.0814978
20 0.0916667 0.816079 0.0233333 0.0726872
2 0.141667 0.181718 0.0233333 0.143172
15 0.410833 0.579295 0.025 0.0792952
31 0.641667 0.812775 0.0233333 0.0748899
26 0.736667 0.21696 0.0266667 0.103524
18 0.414167 0.461454 0.025 0.103524
25 0.506667 0.214758 0.0266667 0.0991189
26 0.771667 0.21696 0.0266667 0.0991189
32 0.6825 0.46696 0.025 0.0881057
17 0.2525 0.337004 0.0283333 0.110132
31 0.525 0.693833 0.0233333 0.0881057
4 0.879167 0.211454 0.0216667 0.105727
11 0.925 0.340308 0.0233333 0.0947137
18 0.529167 0.578194 0.025 0.0859031
37 0.510833 0.344714 0.0283333 0.103524
37 0.6325 0.690529 0.0183333 0.0859031
18 0.470833 0.462555 0.025 0.101322
33 0.0566667 0.579295 0.0266667 0.0792952
24 0.504167 0.806167 0.025 0.0792952
27 0.174167 0.812775 0.025 0.0704846
4 0.856667 0.209251 0.0233333 0.110132
27 0.206667 0.801762 0.02 0.0704846
34 0.561667 0.468062 0.0266667 0.0991189
4 0.828333 0.212555 0.0233333 0.10793
17 0.219167 0.335903 0.0283333 0.112335
24 0.558333 0.80837 0.0266667 0.0792952
18 0.205 0.464758 0.03 0.092511
33 0.168333 0.46696 0.03 0.092511
4 0.7825 0.682819 0.0216667 0.110132
22 0.475 0.342511 0.0266667 0.0947137
11 0.9725 0.340308 0.025 0.0991189
18 0.22 0.339207 0.0266667 0.114537
33 0.7225 0.812775 0.0216667 0.0837004
11 0.9475 0.344714 0.0216667 0.0991189
17 0.189167 0.339207 0.025 0.110132
18 0.4425 0.45815 0.025 0.101322
33 0.696667 0.812775 0.0233333 0.0792952
11 0.833333 0.340308 0.0266667 0.0991189
11 0.895 0.34141 0.0233333 0.105727
28 0.075 0.470264 0.0266667 0.0903084
21 0.375833 0.213656 0.0283333 0.101322
21 0.4725 0.213656 0.025 0.101322
37 0.610833 0.698238 0.0216667 0.0837004
39 0.176667 0.210352 0.03 0.0991189
25 0.670833 0.21696 0.0283333 0.0991189
37 0.583333 0.696035 0.0233333 0.0837004
37 0.339167 0.813877 0.025 0.0770925
21 0.440833 0.211454 0.0316667 0.105727
37 0.286667 0.811674 0.0233333 0.0726872
25 0.6075 0.21696 0.0283333 0.103524
28 0.0191667 0.471366 0.0283333 0.0881057
33 0.138333 0.46696 0.0266667 0.092511
37 0.3125 0.812775 0.025 0.0792952
28 0.0575 0.344714 0.0283333 0.0947137
39 0.305833 0.212555 0.0283333 0.0991189
39 0.3375 0.211454 0.0316667 0.101322
28 0.0458333 0.465859 0.0283333 0.0947137
11 0.8675 0.340308 0.025 0.103524
21 0.408333 0.214758 0.0266667 0.103524
39 0.2425 0.211454 0.0283333 0.0969163
39 0.206667 0.210352 0.03 0.0991189
28 0.0258333 0.349119 0.0283333 0.0947137
25 0.640833 0.21696 0.0283333 0.103524
