21 0.450833 0.212555 0.0216667 0.0991189
14 0.269167 0.698238 0.025 0.0792952
5 0.943333 0.462555 0.02 0.092511
10 0.948333 0.569383 0.02 0.0903084
6 0.923333 0.688326 0.02 0.0991189
4 0.8175 0.687225 0.035 0.0881057
28 0.0141667 0.346916 0.0283333 0.0903084
15 0.456667 0.579295 0.0433333 0.0792952
24 0.785 0.462555 0.0466667 0.0837004
33 0.711667 0.811674 0.0433333 0.0726872
6 0.8525 0.688326 0.0216667 0.0903084
33 0.04 0.572687 0.02 0.0792952
16 0.244167 0.698238 0.0316667 0.0792952
2 0.145833 0.19163 0.0216667 0.123348
8 0.895833 0.687225 0.0216667 0.092511
40 0.599167 0.340308 0.025 0.0903084
25 0.556667 0.213656 0.0633333 0.0969163
10 0.913333 0.461454 0.0233333 0.0903084
10 0.985833 0.462555 0.0183333 0.0881057
34 0.533333 0.468062 0.0266667 0.0903084
33 0.135 0.581498 0.0533333 0.0748899
34 0.503333 0.46696 0.0233333 0.092511
14 0.3575 0.682819 0.0216667 0.0837004
14 0.355833 0.570485 0.025 0.0792952
18 0.644167 0.57489 0.0216667 0.0837004
33 0.125833 0.462555 0.065 0.0881057
11 0.835833 0.342511 0.0416667 0.0991189
33 0.105 0.581498 0.0466667 0.0837004
12 0.848333 0.460352 0.0233333 0.0969163
37 0.5425 0.342511 0.025 0.0947137
15 0.355 0.570485 0.0266667 0.0837004
4 0.841667 0.686123 0.0366667 0.0859031
25 0.59 0.211454 0.0566667 0.0969163
34 0.5175 0.465859 0.055 0.0903084
24 0.0166667 0.577093 0.02 0.0748899
6 0.875 0.688326 0.0233333 0.0903084
15 0.2625 0.577093 0.0216667 0.0704846
6 0.86 0.796256 0.02 0.0903084
4 0.830833 0.215859 0.025 0.101322
31 0.511667 0.674009 0.0433333 0.0704846
4 0.768333 0.676211 0.0366667 0.0792952
6 0.91 0.794053 0.0233333 0.0991189
36 0.668333 0.571586 0.02 0.0814978
17 0.238333 0.337004 0.0466667 0.101322
13 0.411667 0.693833 0.0233333 0.0881057
26 0.706667 0.215859 0.0266667 0.101322
40 0.6675 0.348018 0.0283333 0.0969163
24 0.794167 0.571586 0.025 0.0859031
4 0.79 0.690529 0.0366667 0.0947137
37 0.623333 0.69163 0.0466667 0.0792952
11 0.854167 0.343612 0.045 0.0881057
4 0.84 0.214758 0.0233333 0.0947137
37 0.326667 0.812775 0.0466667 0.0704846
28 0.0733333 0.700441 0.0266667 0.0792952
2 0.0241667 0.189427 0.0283333 0.145374
1 0.945 0.210352 0.0433333 0.112335
18 0.615833 0.573789 0.025 0.0859031
4 0.820833 0.570485 0.0216667 0.0881057
6 0.938333 0.792952 0.0233333 0.0881057
26 0.760833 0.21696 0.0216667 0.0947137
22 0.449167 0.811674 0.025 0.0859031
24 0.575 0.774229 0.0233333 0.0682819
14 0.299167 0.571586 0.025 0.0814978
28 0.0166667 0.700441 0.0266667 0.0792952
12 0.825 0.45815 0.02 0.0969163
1 0.9825 0.213656 0.0216667 0.105727
2 0.1275 0.192731 0.025 0.138767
28 0.753333 0.567181 0.0233333 0.0814978
32 0.618333 0.462555 0.0233333 0.0881057
31 0.651667 0.805066 0.04 0.0726872
27 0.120833 0.812775 0.025 0.0704846
1 0.965833 0.207048 0.035 0.110132
24 0.525 0.774229 0.0166667 0.0506608
17 0.218333 0.339207 0.0433333 0.101322
25 0.704167 0.21696 0.025 0.0947137
27 0.0941667 0.817181 0.0216667 0.0704846
16 0.215 0.701542 0.0233333 0.0814978
33 0.120833 0.579295 0.025 0.0792952
20 0.0858333 0.813877 0.025 0.0726872
13 0.438333 0.693833 0.0233333 0.0881057
18 0.389167 0.45815 0.0316667 0.0969163
4 0.895833 0.212555 0.025 0.103524
37 0.29 0.799559 0.02 0.0704846
33 0.150833 0.578194 0.025 0.0770925
14 0.3275 0.569383 0.0283333 0.0859031
25 0.736667 0.21696 0.0233333 0.0991189
43 0.0241667 0.802863 0.0216667 0.0726872
40 0.638333 0.344714 0.03 0.0947137
32 0.149167 0.578194 0.025 0.0814978
34 0.59 0.464758 0.0233333 0.092511
18 0.256667 0.337004 0.0266667 0.105727
14 0.3325 0.686123 0.0216667 0.0814978
36 0.704167 0.577093 0.025 0.092511
32 0.120833 0.579295 0.025 0.0837004
39 0.3725 0.210352 0.025 0.10793
26 0.7375 0.215859 0.025 0.0969163
4 0.8625 0.215859 0.025 0.101322
15 0.215 0.582599 0.0266667 0.0814978
27 0.145 0.814978 0.0233333 0.0748899
31 0.498333 0.678414 0.0233333 0.0881057
33 0.1775 0.462555 0.0216667 0.0881057
15 0.298333 0.570485 0.0266667 0.0837004
26 0.804167 0.218062 0.0283333 0.101322
32 0.645833 0.462555 0.025 0.0881057
22 0.376667 0.343612 0.0266667 0.101322
18 0.1925 0.34141 0.0283333 0.101322
4 0.8025 0.685022 0.0216667 0.0881057
18 0.58 0.57489 0.0266667 0.0837004
25 0.54 0.215859 0.0233333 0.101322
27 0.173333 0.822687 0.0233333 0.0682819
25 0.505833 0.215859 0.0283333 0.105727
27 0.23 0.819383 0.0266667 0.0660793
31 0.579167 0.77533 0.0183333 0.0572687
15 0.440833 0.57489 0.0216667 0.0837004
11 0.975 0.343612 0.03 0.101322
32 0.710833 0.468062 0.0283333 0.0859031
28 0.0458333 0.700441 0.025 0.0792952
31 0.468333 0.687225 0.0233333 0.0881057
15 0.385833 0.571586 0.0216667 0.0814978
34 0.561667 0.468062 0.0266667 0.0947137
18 0.2275 0.335903 0.025 0.10793
6 0.98 0.796256 0.0233333 0.0991189
22 0.4725 0.343612 0.0283333 0.0969163
31 0.6675 0.806167 0.025 0.0837004
11 0.896667 0.342511 0.0166667 0.0859031
11 0.818333 0.34141 0.0233333 0.101322
33 0.725 0.812775 0.0233333 0.0748899
33 0.0625 0.578194 0.025 0.0814978
4 0.745 0.661894 0.02 0.0638767
18 0.2325 0.463656 0.0283333 0.0991189
27 0.263333 0.835903 0.0233333 0.0770925
21 0.47 0.215859 0.0233333 0.101322
15 0.411667 0.572687 0.0233333 0.0792952
21 0.371667 0.212555 0.0233333 0.103524
4 0.83 0.682819 0.02 0.0748899
25 0.570833 0.214758 0.0283333 0.103524
24 0.741667 0.46696 0.0266667 0.0792952
33 0.698333 0.809471 0.0233333 0.0770925
31 0.604167 0.77533 0.0216667 0.0572687
28 0.0166667 0.575991 0.02 0.0726872
18 0.474167 0.459251 0.025 0.0991189
33 0.0908333 0.579295 0.025 0.0837004
37 0.5125 0.344714 0.0283333 0.0947137
18 0.5525 0.57489 0.025 0.0837004
28 0.0558333 0.345815 0.0283333 0.092511
11 0.918333 0.345815 0.0266667 0.0969163
11 0.95 0.344714 0.0266667 0.0991189
4 0.778333 0.687225 0.02 0.092511
15 0.468333 0.577093 0.0266667 0.0837004
31 0.638333 0.795154 0.0233333 0.0748899
27 0.198333 0.8337 0.0233333 0.0770925
18 0.414167 0.462555 0.025 0.101322
31 0.524167 0.672907 0.025 0.0859031
33 0.150833 0.464758 0.025 0.0881057
18 0.444167 0.459251 0.025 0.0947137
24 0.5025 0.80837 0.0216667 0.092511
33 0.106667 0.464758 0.0266667 0.0881057
24 0.755 0.570485 0.0266667 0.0792952
31 0.551667 0.685022 0.0233333 0.0837004
17 0.255833 0.3337 0.025 0.103524
37 0.341667 0.814978 0.0233333 0.0748899
32 0.675 0.462555 0.0266667 0.0881057
18 0.204167 0.464758 0.0283333 0.0969163
18 0.2625 0.459251 0.0283333 0.103524
37 0.314167 0.817181 0.025 0.0748899
22 0.44 0.34141 0.0266667 0.0969163
28 0.0208333 0.464758 0.0316667 0.0837004
37 0.635 0.687225 0.02 0.0792952
37 0.3675 0.813877 0.025 0.0770925
21 0.405833 0.212555 0.0316667 0.103524
28 0.0583333 0.465859 0.0266667 0.0859031
22 0.41 0.342511 0.0266667 0.103524
25 0.671667 0.21696 0.03 0.103524
21 0.439167 0.211454 0.0283333 0.105727
39 0.175833 0.209251 0.0283333 0.101322
37 0.580833 0.686123 0.025 0.0814978
28 0.0891667 0.345815 0.0283333 0.092511
37 0.61 0.694934 0.0266667 0.0859031
39 0.2075 0.211454 0.0283333 0.0969163
39 0.300833 0.210352 0.025 0.103524
11 0.870833 0.342511 0.025 0.0991189
25 0.6075 0.21696 0.0283333 0.103524
28 0.0258333 0.346916 0.0283333 0.0947137
39 0.2425 0.212555 0.025 0.0991189
39 0.331667 0.211454 0.03 0.101322
28 0.1325 0.346916 0.025 0.0947137
25 0.640833 0.21696 0.0316667 0.10793
