21 0.49 0.212555 0.06 0.0991189
25 0.5525 0.21696 0.0516667 0.0947137
1 0.956667 0.220264 0.0233333 0.092511
13 0.466667 0.671806 0.0233333 0.0792952
40 0.6675 0.346916 0.0283333 0.0947137
6 0.989167 0.78304 0.0183333 0.0859031
10 0.9125 0.460352 0.0216667 0.0969163
24 0.00916667 0.578194 0.015 0.0814978
11 0.949167 0.564978 0.025 0.0814978
24 0.525 0.770925 0.02 0.061674
4 0.974167 0.551762 0.0183333 0.0594714
37 0.539167 0.342511 0.0316667 0.0903084
14 0.269167 0.698238 0.025 0.0792952
17 0.238333 0.339207 0.0533333 0.101322
39 0.3375 0.34141 0.0283333 0.101322
24 0.780833 0.464758 0.0383333 0.0881057
34 0.526667 0.459251 0.0233333 0.0903084
14 0.299167 0.696035 0.0283333 0.0837004
37 0.293333 0.799559 0.02 0.0660793
6 0.945833 0.780837 0.0216667 0.0903084
32 0.690833 0.568282 0.025 0.0837004
18 0.555 0.463656 0.0266667 0.0947137
4 0.8575 0.215859 0.0183333 0.092511
34 0.583333 0.460352 0.0233333 0.0881057
13 0.388333 0.679515 0.0233333 0.0814978
33 0.149167 0.582599 0.025 0.0859031
17 0.185833 0.340308 0.025 0.0991189
14 0.355 0.570485 0.0266667 0.0792952
6 0.8625 0.795154 0.0183333 0.0881057
8 0.885833 0.676211 0.0216667 0.0881057
17 0.29 0.462555 0.0266667 0.101322
17 0.320833 0.462555 0.0283333 0.0969163
27 0.120833 0.813877 0.0283333 0.0682819
32 0.196667 0.562775 0.0233333 0.0770925
21 0.4725 0.215859 0.025 0.0969163
33 0.69 0.794053 0.0266667 0.0726872
18 0.2175 0.340308 0.0283333 0.103524
11 0.940833 0.346916 0.055 0.103524
26 0.759167 0.215859 0.025 0.0969163
15 0.303333 0.568282 0.0266667 0.0792952
14 0.331667 0.564978 0.02 0.0770925
4 0.878333 0.213656 0.0233333 0.0969163
20 0.0891667 0.816079 0.0216667 0.0682819
6 0.8975 0.786344 0.0183333 0.0748899
18 0.234167 0.464758 0.025 0.101322
36 0.6875 0.572687 0.0216667 0.0837004
2 0.0233333 0.193833 0.03 0.140969
14 0.359167 0.682819 0.0216667 0.0837004
24 0.7325 0.580396 0.025 0.0770925
14 0.304167 0.571586 0.025 0.0814978
18 0.550833 0.555066 0.0216667 0.0660793
1 0.97 0.220264 0.0233333 0.0837004
37 0.626667 0.693833 0.03 0.0792952
33 0.0733333 0.571586 0.0233333 0.0770925
18 0.261667 0.464758 0.0266667 0.101322
33 0.0983333 0.57489 0.0166667 0.0748899
27 0.0933333 0.813877 0.0233333 0.0726872
43 0.0216667 0.803965 0.0233333 0.0704846
31 0.4975 0.676211 0.025 0.0704846
34 0.553333 0.461454 0.0233333 0.0947137
15 0.356667 0.571586 0.0266667 0.0770925
13 0.413333 0.680617 0.0233333 0.0837004
18 0.3825 0.462555 0.0283333 0.101322
39 0.346667 0.213656 0.0233333 0.0969163
28 0.0266667 0.584802 0.0233333 0.0770925
18 0.319167 0.462555 0.025 0.101322
32 0.706667 0.465859 0.0266667 0.0947137
40 0.6375 0.346916 0.0283333 0.0947137
25 0.538333 0.219163 0.0233333 0.0991189
26 0.789167 0.218062 0.025 0.0969163
27 0.144167 0.816079 0.025 0.0726872
16 0.214167 0.701542 0.025 0.0814978
33 0.115833 0.579295 0.035 0.0837004
15 0.385 0.572687 0.02 0.0792952
28 0.0725 0.702643 0.025 0.0792952
31 0.603333 0.770925 0.0233333 0.061674
18 0.253333 0.337004 0.0266667 0.110132
31 0.580833 0.77533 0.0183333 0.0572687
27 0.2325 0.817181 0.025 0.0660793
6 0.918333 0.781938 0.02 0.0837004
6 0.965 0.777533 0.02 0.0792952
24 0.0283333 0.581498 0.0233333 0.0748899
4 0.7425 0.665198 0.0216667 0.0704846
15 0.445 0.571586 0.03 0.0770925
1 0.938333 0.214758 0.0233333 0.0991189
24 0.760833 0.580396 0.025 0.0814978
18 0.5775 0.563877 0.025 0.0748899
4 0.836667 0.676211 0.0233333 0.101322
28 0.015 0.700441 0.0266667 0.0837004
25 0.601667 0.21696 0.03 0.0991189
24 0.741667 0.468062 0.0266667 0.0770925
18 0.4125 0.461454 0.025 0.0991189
15 0.411667 0.570485 0.0233333 0.0792952
14 0.334167 0.686123 0.0216667 0.0814978
22 0.45 0.811674 0.0266667 0.0903084
18 0.205 0.465859 0.03 0.0947137
18 0.348333 0.464758 0.03 0.101322
11 0.896667 0.34141 0.02 0.0837004
18 0.614167 0.57489 0.025 0.0837004
4 0.7725 0.670705 0.025 0.0859031
32 0.620833 0.465859 0.0283333 0.0903084
27 0.174167 0.817181 0.0216667 0.0704846
27 0.263333 0.838106 0.0233333 0.0770925
22 0.375 0.343612 0.0266667 0.105727
4 0.806667 0.672907 0.0266667 0.0859031
18 0.443333 0.460352 0.0266667 0.092511
18 0.473333 0.460352 0.0266667 0.0969163
32 0.120833 0.581498 0.025 0.0837004
25 0.565 0.222467 0.0233333 0.092511
28 0.0441667 0.701542 0.025 0.0770925
25 0.505833 0.219163 0.0283333 0.0991189
32 0.678333 0.465859 0.0266667 0.0859031
15 0.471667 0.561674 0.0233333 0.0792952
32 0.649167 0.465859 0.025 0.0903084
22 0.473333 0.342511 0.0266667 0.0947137
31 0.6575 0.784141 0.0216667 0.0748899
32 0.145833 0.582599 0.025 0.0814978
33 0.170833 0.468062 0.0283333 0.0903084
25 0.670833 0.215859 0.0316667 0.0969163
27 0.199167 0.834802 0.0216667 0.0704846
39 0.304167 0.214758 0.025 0.10793
22 0.4425 0.339207 0.025 0.0969163
4 0.816667 0.219163 0.0233333 0.0991189
28 0.055 0.342511 0.03 0.103524
37 0.508333 0.343612 0.0266667 0.101322
17 0.253333 0.335903 0.0266667 0.103524
39 0.174167 0.211454 0.0283333 0.105727
4 0.839167 0.21696 0.0216667 0.0947137
33 0.11 0.468062 0.0266667 0.0859031
17 0.215 0.339207 0.0266667 0.101322
31 0.633333 0.785242 0.02 0.0682819
37 0.635833 0.696035 0.0216667 0.0748899
11 0.9825 0.337004 0.0216667 0.105727
37 0.341667 0.816079 0.0233333 0.0726872
11 0.955 0.34141 0.0266667 0.101322
31 0.524167 0.700441 0.025 0.092511
37 0.610833 0.703744 0.025 0.0947137
39 0.241667 0.213656 0.0233333 0.101322
21 0.371667 0.212555 0.0266667 0.103524
33 0.725 0.814978 0.0233333 0.0837004
22 0.408333 0.34141 0.0266667 0.101322
11 0.841667 0.343612 0.0266667 0.101322
31 0.553333 0.701542 0.0233333 0.0947137
37 0.366667 0.813877 0.0233333 0.0770925
39 0.2075 0.213656 0.0283333 0.0969163
37 0.315833 0.803965 0.0216667 0.0660793
11 0.926667 0.343612 0.0233333 0.101322
28 0.0591667 0.465859 0.0283333 0.0859031
11 0.875 0.34141 0.0266667 0.101322
28 0.145 0.342511 0.0233333 0.0903084
28 0.0175 0.46696 0.0283333 0.0792952
21 0.405833 0.212555 0.0316667 0.103524
28 0.0233333 0.346916 0.03 0.0991189
33 0.14 0.469163 0.0266667 0.0881057
28 0.09 0.345815 0.0266667 0.092511
21 0.438333 0.211454 0.0266667 0.105727
25 0.64 0.21696 0.03 0.10793
