26 0.7075 0.21696 0.025 0.0947137
22 0.3175 0.338106 0.035 0.103524
12 0.896667 0.784141 0.02 0.0837004
37 0.665833 0.570485 0.025 0.0837004
18 0.559167 0.465859 0.025 0.0991189
18 0.3925 0.462555 0.045 0.0969163
32 0.7 0.457048 0.02 0.0859031
14 0.2725 0.687225 0.0183333 0.0792952
16 0.22 0.698238 0.03 0.0792952
31 0.438333 0.696035 0.0233333 0.092511
17 0.2125 0.342511 0.0516667 0.0991189
31 0.596667 0.806167 0.04 0.0748899
18 0.355 0.457048 0.0233333 0.0991189
32 0.664167 0.464758 0.0516667 0.0837004
11 0.99 0.345815 0.0166667 0.092511
15 0.4525 0.570485 0.0483333 0.0792952
4 0.9025 0.215859 0.0183333 0.0969163
28 0.0591667 0.69163 0.0216667 0.0748899
14 0.300833 0.699339 0.025 0.0859031
25 0.5775 0.21696 0.045 0.0947137
37 0.5725 0.343612 0.0283333 0.0969163
25 0.7075 0.21696 0.025 0.0947137
32 0.1375 0.577093 0.0583333 0.0837004
26 0.75 0.221366 0.05 0.0947137
12 0.869167 0.792952 0.0216667 0.092511
37 0.333333 0.803965 0.04 0.0704846
24 0.695 0.572687 0.0233333 0.0837004
12 0.833333 0.792952 0.0366667 0.092511
32 0.616667 0.459251 0.0233333 0.0859031
34 0.588333 0.470264 0.0233333 0.0991189
14 0.356667 0.686123 0.0233333 0.0859031
22 0.379167 0.342511 0.0283333 0.103524
14 0.355833 0.570485 0.025 0.0792952
18 0.3 0.459251 0.0266667 0.0991189
4 0.821667 0.21696 0.02 0.103524
36 0.6425 0.568282 0.0216667 0.0837004
18 0.1975 0.339207 0.025 0.105727
21 0.345 0.213656 0.03 0.105727
2 0.0975 0.190529 0.0283333 0.138767
1 0.985833 0.211454 0.0183333 0.105727
13 0.439167 0.698238 0.025 0.0881057
11 0.911667 0.342511 0.04 0.0991189
2 0.0558333 0.181718 0.0283333 0.143172
24 0.733333 0.578194 0.02 0.0859031
13 0.465833 0.672907 0.0216667 0.0726872
27 0.119167 0.816079 0.025 0.0682819
27 0.235833 0.795154 0.0183333 0.0704846
25 0.473333 0.218062 0.0266667 0.101322
24 0.759167 0.457048 0.0216667 0.0903084
27 0.0925 0.816079 0.025 0.0726872
11 0.8625 0.339207 0.0183333 0.101322
4 0.803333 0.672907 0.0366667 0.0859031
40 0.605833 0.344714 0.0283333 0.0947137
33 0.723333 0.801762 0.02 0.0748899
15 0.26 0.577093 0.0233333 0.0748899
15 0.3225 0.580396 0.0283333 0.0859031
17 0.329167 0.459251 0.025 0.0991189
8 0.850833 0.683921 0.0216667 0.0991189
1 0.965833 0.205947 0.0283333 0.10793
27 0.146667 0.814978 0.0266667 0.0748899
24 0.700833 0.457048 0.0216667 0.0814978
37 0.619167 0.687225 0.0383333 0.0704846
12 0.798333 0.45815 0.02 0.101322
37 0.5425 0.343612 0.025 0.092511
13 0.411667 0.694934 0.0233333 0.0814978
15 0.355 0.570485 0.0266667 0.0837004
14 0.296667 0.579295 0.0266667 0.0837004
33 0.1525 0.577093 0.025 0.0881057
15 0.204167 0.578194 0.025 0.0814978
28 0.166667 0.344714 0.02 0.0947137
33 0.120833 0.573789 0.0283333 0.0814978
22 0.449167 0.807269 0.025 0.0814978
25 0.5075 0.218062 0.0283333 0.101322
12 0.821667 0.795154 0.02 0.0969163
43 0.0308333 0.692731 0.025 0.0814978
20 0.0908333 0.816079 0.0216667 0.0770925
17 0.259167 0.338106 0.025 0.103524
5 0.894167 0.45815 0.025 0.105727
4 0.981667 0.665198 0.02 0.0792952
15 0.293333 0.581498 0.0266667 0.0792952
24 0.74 0.460352 0.0333333 0.0881057
31 0.576667 0.670705 0.02 0.0638767
40 0.6375 0.344714 0.0283333 0.0991189
11 0.9825 0.338106 0.025 0.0903084
6 0.98 0.792952 0.0233333 0.101322
4 0.851667 0.681718 0.0233333 0.112335
26 0.770833 0.221366 0.025 0.0991189
34 0.5275 0.45815 0.025 0.092511
21 0.473333 0.21696 0.0266667 0.0991189
5 0.87 0.455947 0.02 0.105727
28 0.733333 0.578194 0.02 0.0859031
25 0.5375 0.219163 0.0216667 0.0991189
15 0.236667 0.579295 0.0266667 0.0748899
2 0.0225 0.182819 0.025 0.154185
15 0.420833 0.572687 0.0183333 0.0748899
18 0.2675 0.459251 0.0283333 0.0991189
11 0.959167 0.338106 0.0216667 0.0814978
14 0.333333 0.687225 0.02 0.0837004
28 0.0241667 0.582599 0.025 0.0770925
4 0.9775 0.560573 0.0316667 0.0859031
28 0.760833 0.578194 0.025 0.0859031
27 0.176667 0.813877 0.0266667 0.0682819
24 0.0266667 0.5837 0.0233333 0.0704846
34 0.559167 0.46696 0.0283333 0.0969163
31 0.614167 0.809471 0.0283333 0.0814978
28 0.146667 0.337004 0.0166667 0.0881057
15 0.399167 0.581498 0.025 0.0748899
11 0.8425 0.339207 0.025 0.105727
33 0.0775 0.463656 0.0283333 0.0859031
11 0.8175 0.339207 0.0216667 0.105727
32 0.648333 0.464758 0.0266667 0.0881057
39 0.273333 0.214758 0.0233333 0.0991189
1 0.938333 0.205947 0.0233333 0.121145
31 0.584167 0.801762 0.0216667 0.0704846
22 0.446667 0.332599 0.0233333 0.092511
14 0.323333 0.580396 0.0266667 0.0859031
4 0.830833 0.215859 0.0216667 0.105727
24 0.503333 0.810573 0.0233333 0.0837004
26 0.736667 0.218062 0.0266667 0.101322
27 0.201667 0.814978 0.0233333 0.0704846
37 0.576667 0.668502 0.0233333 0.0638767
21 0.441667 0.21696 0.0266667 0.0991189
31 0.500833 0.699339 0.0216667 0.0814978
25 0.591667 0.221366 0.0233333 0.0947137
28 0.0741667 0.469163 0.0316667 0.0881057
18 0.4125 0.462555 0.025 0.101322
4 0.854167 0.212555 0.025 0.112335
4 0.793333 0.672907 0.0166667 0.0947137
27 0.256667 0.813877 0.0233333 0.0770925
18 0.234167 0.464758 0.0316667 0.101322
4 0.879167 0.213656 0.0216667 0.105727
24 0.5275 0.790749 0.0216667 0.0792952
32 0.153333 0.575991 0.0233333 0.0859031
11 0.925 0.343612 0.0233333 0.0969163
31 0.6425 0.810573 0.0216667 0.0748899
15 0.47 0.572687 0.0233333 0.0748899
31 0.668333 0.809471 0.0233333 0.0770925
15 0.444167 0.573789 0.0216667 0.0770925
26 0.7925 0.21696 0.0216667 0.10793
25 0.6675 0.218062 0.0283333 0.092511
33 0.18 0.462555 0.0233333 0.092511
25 0.563333 0.221366 0.0266667 0.0947137
18 0.204167 0.464758 0.0283333 0.0969163
33 0.6975 0.810573 0.0216667 0.0792952
33 0.085 0.567181 0.03 0.0726872
11 0.896667 0.342511 0.0233333 0.10793
31 0.551667 0.697137 0.0233333 0.0814978
39 0.340833 0.212555 0.0283333 0.10793
25 0.636667 0.218062 0.0266667 0.0969163
18 0.470833 0.461454 0.025 0.103524
32 0.6775 0.463656 0.0216667 0.0859031
32 0.120833 0.578194 0.0283333 0.0859031
21 0.375833 0.213656 0.0283333 0.105727
31 0.525833 0.699339 0.025 0.0770925
39 0.176667 0.211454 0.0266667 0.105727
37 0.5125 0.345815 0.025 0.092511
4 0.7725 0.682819 0.025 0.0969163
37 0.316667 0.801762 0.02 0.0660793
37 0.3425 0.814978 0.025 0.0704846
28 0.0566667 0.344714 0.03 0.0947137
37 0.631667 0.689427 0.02 0.0748899
4 0.815 0.672907 0.0233333 0.0947137
37 0.605833 0.687225 0.0216667 0.0748899
18 0.441667 0.45815 0.0266667 0.101322
37 0.369167 0.813877 0.025 0.0770925
28 0.0175 0.469163 0.0283333 0.0881057
33 0.15 0.463656 0.0266667 0.0903084
39 0.2425 0.214758 0.025 0.0991189
28 0.0458333 0.46696 0.0283333 0.0969163
39 0.3125 0.210352 0.0283333 0.10793
39 0.205833 0.213656 0.0283333 0.0969163
22 0.411667 0.34141 0.0266667 0.101322
28 0.0233333 0.344714 0.03 0.0991189
21 0.408333 0.215859 0.0333333 0.101322
28 0.1 0.345815 0.0266667 0.0969163
