18 0.560833 0.463656 0.0283333 0.0991189
14 0.299167 0.699339 0.025 0.0814978
18 0.386667 0.454846 0.0233333 0.0991189
32 0.67 0.469163 0.0533333 0.0881057
31 0.5975 0.805066 0.0383333 0.0770925
28 0.744167 0.46696 0.0283333 0.0881057
27 0.0908333 0.817181 0.025 0.0704846
37 0.5725 0.344714 0.0283333 0.0991189
32 0.619167 0.577093 0.0216667 0.0837004
25 0.4725 0.213656 0.0283333 0.101322
37 0.5275 0.343612 0.0483333 0.092511
18 0.590833 0.465859 0.0283333 0.0991189
34 0.5025 0.465859 0.0216667 0.0991189
12 0.843333 0.789648 0.03 0.0947137
12 0.863333 0.794053 0.02 0.0947137
12 0.794167 0.795154 0.0216667 0.0969163
19 0.320833 0.335903 0.025 0.10793
19 0.291667 0.334802 0.0266667 0.114537
26 0.755 0.219163 0.0566667 0.0947137
43 0.065 0.811674 0.0266667 0.0638767
16 0.241667 0.697137 0.0266667 0.0770925
4 0.8425 0.680617 0.035 0.105727
10 0.9575 0.566079 0.0316667 0.0881057
33 0.0975 0.572687 0.0183333 0.0704846
40 0.665833 0.342511 0.0283333 0.0947137
1 0.983333 0.20815 0.0233333 0.11674
3 0.840833 0.577093 0.0216667 0.101322
24 0.519167 0.80837 0.055 0.0837004
31 0.468333 0.696035 0.0266667 0.092511
17 0.32 0.338106 0.0266667 0.11674
11 0.989167 0.679515 0.015 0.0947137
22 0.395833 0.807269 0.025 0.0859031
25 0.525833 0.213656 0.055 0.101322
12 0.8275 0.459251 0.0216667 0.0991189
25 0.590833 0.212555 0.0583333 0.0947137
10 0.9625 0.45815 0.0216667 0.101322
37 0.475833 0.80837 0.025 0.0837004
34 0.531667 0.465859 0.0266667 0.0991189
1 0.933333 0.204846 0.03 0.123348
40 0.605 0.34141 0.0266667 0.092511
10 0.97 0.567181 0.02 0.0903084
33 0.105833 0.465859 0.0283333 0.0903084
37 0.543333 0.342511 0.0266667 0.0947137
27 0.120833 0.813877 0.025 0.0726872
15 0.235833 0.580396 0.025 0.0814978
15 0.2075 0.575991 0.0216667 0.0814978
2 0.1125 0.182819 0.0316667 0.14978
1 0.9675 0.205947 0.0416667 0.121145
18 0.2325 0.464758 0.0283333 0.101322
14 0.355833 0.693833 0.0216667 0.0837004
37 0.623333 0.694934 0.0433333 0.0770925
26 0.786667 0.218062 0.05 0.0969163
28 0.126667 0.334802 0.02 0.092511
18 0.355833 0.457048 0.025 0.103524
33 0.119167 0.580396 0.0283333 0.0814978
24 0.734167 0.579295 0.0216667 0.0837004
16 0.215833 0.698238 0.025 0.0792952
24 0.7625 0.580396 0.025 0.0859031
17 0.356667 0.45815 0.0333333 0.0969163
2 0.0825 0.183921 0.025 0.138767
18 0.499167 0.463656 0.0316667 0.0991189
28 0.015 0.703744 0.0266667 0.0814978
28 0.733333 0.580396 0.0233333 0.0859031
6 0.935 0.794053 0.02 0.0991189
17 0.2925 0.461454 0.025 0.0947137
26 0.698333 0.218062 0.0233333 0.0969163
4 0.801667 0.679515 0.02 0.0947137
22 0.45 0.810573 0.0266667 0.0837004
28 0.105833 0.46696 0.0283333 0.092511
11 0.965833 0.685022 0.025 0.092511
27 0.145833 0.813877 0.0283333 0.0726872
28 0.761667 0.581498 0.0266667 0.0837004
15 0.323333 0.578194 0.0266667 0.0859031
14 0.295 0.580396 0.0233333 0.0859031
2 0.025 0.186123 0.0266667 0.156388
32 0.159167 0.570485 0.025 0.0792952
4 0.816667 0.680617 0.02 0.092511
18 0.323333 0.459251 0.03 0.103524
17 0.290833 0.338106 0.025 0.11674
18 0.559167 0.580396 0.025 0.0859031
31 0.499167 0.694934 0.025 0.0947137
18 0.293333 0.462555 0.03 0.101322
15 0.381667 0.577093 0.0233333 0.0792952
18 0.2625 0.463656 0.0283333 0.103524
31 0.613333 0.796256 0.02 0.0726872
14 0.321667 0.579295 0.0233333 0.0792952
13 0.44 0.693833 0.0233333 0.0881057
4 0.9 0.212555 0.02 0.10793
15 0.351667 0.579295 0.0266667 0.0748899
32 0.715833 0.468062 0.025 0.0859031
34 0.588333 0.46696 0.0266667 0.0969163
18 0.414167 0.461454 0.025 0.0991189
32 0.6525 0.465859 0.0283333 0.0859031
26 0.739167 0.218062 0.0316667 0.092511
17 0.324167 0.459251 0.0283333 0.0991189
40 0.633333 0.34141 0.0266667 0.092511
12 0.816667 0.796256 0.02 0.103524
15 0.470833 0.577093 0.025 0.0748899
18 0.500833 0.578194 0.025 0.0859031
26 0.801667 0.214758 0.0266667 0.0991189
31 0.643333 0.812775 0.0233333 0.0704846
15 0.441667 0.577093 0.02 0.0792952
28 0.0716667 0.701542 0.0266667 0.0770925
27 0.255833 0.809471 0.025 0.0726872
27 0.23 0.811674 0.0233333 0.0726872
4 0.829167 0.678414 0.0183333 0.092511
31 0.585 0.80837 0.0233333 0.0748899
14 0.3275 0.696035 0.0216667 0.0837004
4 0.879167 0.211454 0.0216667 0.110132
31 0.669167 0.811674 0.025 0.0726872
22 0.465 0.344714 0.0266667 0.0947137
20 0.0916667 0.816079 0.0233333 0.0726872
18 0.1925 0.339207 0.0283333 0.114537
24 0.744167 0.465859 0.025 0.0814978
25 0.570833 0.214758 0.025 0.0991189
24 0.530833 0.806167 0.025 0.0792952
25 0.506667 0.213656 0.0266667 0.0969163
15 0.410833 0.579295 0.025 0.0792952
11 0.925 0.340308 0.0233333 0.0991189
34 0.561667 0.469163 0.0266667 0.0969163
26 0.773333 0.215859 0.0266667 0.101322
27 0.206667 0.801762 0.02 0.0704846
4 0.829167 0.212555 0.0216667 0.10793
2 0.140833 0.182819 0.025 0.145374
15 0.295 0.580396 0.0266667 0.0770925
32 0.684167 0.46696 0.025 0.0881057
28 0.0441667 0.705947 0.0283333 0.0770925
25 0.5425 0.214758 0.025 0.0991189
18 0.529167 0.579295 0.025 0.0881057
32 0.121667 0.581498 0.0266667 0.0792952
18 0.470833 0.460352 0.025 0.101322
27 0.1775 0.811674 0.025 0.0726872
33 0.1675 0.46696 0.0283333 0.092511
11 0.9475 0.340308 0.0216667 0.0947137
24 0.504167 0.806167 0.025 0.0792952
18 0.203333 0.463656 0.03 0.0947137
22 0.4325 0.344714 0.0283333 0.0991189
4 0.856667 0.20815 0.0233333 0.112335
31 0.525833 0.692731 0.025 0.0903084
33 0.7225 0.811674 0.0216667 0.0814978
37 0.633333 0.690529 0.02 0.0814978
24 0.558333 0.806167 0.0266667 0.0792952
31 0.554167 0.694934 0.0216667 0.0859031
25 0.670833 0.215859 0.0283333 0.0969163
4 0.7825 0.683921 0.0216667 0.112335
37 0.513333 0.345815 0.0266667 0.092511
28 0.0758333 0.470264 0.0283333 0.0903084
17 0.1925 0.3337 0.0316667 0.11674
33 0.6975 0.813877 0.025 0.0814978
11 0.834167 0.339207 0.0283333 0.101322
33 0.0583333 0.584802 0.0266667 0.0814978
18 0.4425 0.460352 0.025 0.0969163
37 0.61 0.696035 0.0266667 0.0837004
11 0.971667 0.335903 0.0233333 0.0991189
39 0.175833 0.210352 0.0283333 0.0947137
21 0.375833 0.213656 0.0283333 0.101322
11 0.896667 0.340308 0.0233333 0.103524
37 0.580833 0.686123 0.0216667 0.0814978
33 0.1375 0.46696 0.025 0.092511
37 0.34 0.813877 0.0233333 0.0770925
21 0.440833 0.211454 0.0316667 0.105727
37 0.288333 0.811674 0.0233333 0.0726872
21 0.473333 0.213656 0.0266667 0.101322
21 0.4075 0.212555 0.0283333 0.103524
28 0.0591667 0.344714 0.0283333 0.0947137
28 0.0175 0.471366 0.0283333 0.092511
39 0.338333 0.211454 0.03 0.101322
39 0.216667 0.211454 0.0233333 0.0969163
39 0.305833 0.213656 0.0283333 0.0969163
37 0.314167 0.811674 0.025 0.0770925
28 0.045 0.46696 0.03 0.0969163
11 0.8675 0.339207 0.025 0.101322
39 0.243333 0.211454 0.0266667 0.0969163
28 0.0266667 0.349119 0.03 0.0947137
25 0.64 0.21696 0.03 0.103524
25 0.608333 0.21696 0.0266667 0.103524
