3 0.811667 0.571586 0.02 0.0859031
30 0.1275 0.702643 0.0283333 0.0748899
11 0.838333 0.799559 0.0266667 0.0837004
37 0.526667 0.344714 0.0533333 0.0903084
4 0.814167 0.572687 0.025 0.0792952
21 0.355 0.210352 0.06 0.10793
32 0.715 0.470264 0.0266667 0.0859031
34 0.5175 0.465859 0.0583333 0.0903084
33 0.77 0.801762 0.02 0.0881057
27 0.221667 0.811674 0.0433333 0.0682819
24 0.0075 0.579295 0.015 0.0837004
32 0.665833 0.46696 0.0583333 0.092511
22 0.3425 0.339207 0.0283333 0.110132
41 0.606667 0.345815 0.0266667 0.092511
14 0.299167 0.699339 0.025 0.0814978
28 0.761667 0.582599 0.0266667 0.0814978
16 0.2425 0.698238 0.0316667 0.0748899
24 0.790833 0.465859 0.045 0.0814978
11 0.9125 0.344714 0.0416667 0.0859031
10 0.895 0.463656 0.0233333 0.0903084
18 0.324167 0.463656 0.0283333 0.0991189
13 0.41 0.697137 0.03 0.0814978
18 0.189167 0.34141 0.0283333 0.110132
24 0.5175 0.80837 0.055 0.0837004
8 0.858333 0.69163 0.04 0.101322
12 0.828333 0.464758 0.02 0.092511
37 0.573333 0.343612 0.0266667 0.092511
17 0.2925 0.465859 0.025 0.0947137
6 0.981667 0.797357 0.0233333 0.0837004
27 0.0916667 0.814978 0.0233333 0.0704846
22 0.284167 0.34141 0.025 0.105727
18 0.5 0.463656 0.0266667 0.0991189
4 0.9 0.213656 0.0266667 0.101322
10 0.961667 0.465859 0.02 0.0947137
14 0.294167 0.579295 0.025 0.0837004
2 0.113333 0.190529 0.03 0.147577
4 0.815 0.681718 0.02 0.0814978
10 0.985 0.465859 0.02 0.0903084
11 0.9475 0.686123 0.0216667 0.0859031
31 0.498333 0.694934 0.0266667 0.0947137
37 0.595833 0.694934 0.0516667 0.0859031
17 0.323333 0.464758 0.0266667 0.0969163
25 0.558333 0.212555 0.06 0.0991189
28 0.734167 0.581498 0.025 0.0837004
32 0.175833 0.581498 0.0216667 0.0837004
28 0.0591667 0.579295 0.025 0.0792952
27 0.12 0.812775 0.0266667 0.0704846
18 0.3825 0.461454 0.025 0.0991189
28 0.7775 0.465859 0.025 0.0859031
18 0.234167 0.464758 0.025 0.0969163
14 0.355 0.697137 0.0233333 0.0814978
12 0.770833 0.799559 0.0216667 0.0881057
12 0.789167 0.797357 0.0283333 0.0881057
4 0.841667 0.687225 0.0366667 0.092511
11 0.97 0.685022 0.0233333 0.0881057
25 0.525 0.213656 0.0566667 0.101322
40 0.668333 0.348018 0.0266667 0.092511
26 0.786667 0.218062 0.05 0.0969163
37 0.326667 0.80837 0.05 0.0704846
17 0.185833 0.339207 0.0283333 0.105727
18 0.2925 0.464758 0.025 0.0969163
25 0.593333 0.211454 0.0566667 0.101322
25 0.7075 0.213656 0.025 0.101322
27 0.145833 0.813877 0.0283333 0.0726872
22 0.448333 0.806167 0.03 0.0837004
32 0.621667 0.46696 0.0266667 0.0969163
4 0.835833 0.571586 0.0216667 0.0814978
34 0.561667 0.470264 0.0266667 0.0947137
33 0.0608333 0.579295 0.025 0.0792952
18 0.353333 0.462555 0.0266667 0.101322
32 0.6525 0.468062 0.025 0.0947137
11 0.816667 0.799559 0.02 0.0881057
24 0.0283333 0.580396 0.0233333 0.0770925
28 0.0708333 0.703744 0.025 0.0726872
34 0.59 0.46696 0.0266667 0.101322
34 0.5025 0.46696 0.0216667 0.101322
40 0.638333 0.346916 0.03 0.0947137
6 0.935 0.796256 0.02 0.0903084
1 0.983333 0.213656 0.0233333 0.105727
28 0.0075 0.579295 0.015 0.0792952
15 0.259167 0.577093 0.0216667 0.0748899
15 0.204167 0.578194 0.025 0.0814978
28 0.0141667 0.701542 0.025 0.0770925
18 0.2625 0.463656 0.0283333 0.0947137
37 0.625 0.697137 0.0466667 0.0814978
12 0.865 0.796256 0.02 0.0859031
11 0.9875 0.679515 0.0183333 0.0903084
15 0.235833 0.578194 0.025 0.0726872
33 0.0891667 0.580396 0.025 0.0814978
26 0.801667 0.21696 0.0266667 0.103524
28 0.0425 0.702643 0.025 0.0748899
1 0.93 0.210352 0.0233333 0.10793
18 0.220833 0.339207 0.025 0.110132
18 0.470833 0.461454 0.025 0.0991189
20 0.0908333 0.816079 0.0216667 0.0726872
32 0.6825 0.468062 0.0316667 0.0903084
16 0.215 0.698238 0.0233333 0.0792952
22 0.470833 0.344714 0.025 0.0947137
26 0.704167 0.21696 0.025 0.0947137
24 0.7625 0.581498 0.025 0.0837004
34 0.530833 0.468062 0.0283333 0.103524
1 0.9575 0.20815 0.025 0.112335
32 0.119167 0.582599 0.025 0.0859031
2 0.0533333 0.193833 0.03 0.136564
15 0.320833 0.579295 0.025 0.0748899
2 0.0858333 0.193833 0.0283333 0.14978
37 0.543333 0.343612 0.0266667 0.092511
18 0.441667 0.462555 0.0266667 0.092511
18 0.411667 0.462555 0.0266667 0.101322
2 0.0208333 0.189427 0.0283333 0.14978
24 0.733333 0.581498 0.0233333 0.0837004
4 0.881667 0.215859 0.0233333 0.101322
18 0.558333 0.577093 0.0233333 0.0837004
24 0.744167 0.468062 0.025 0.0814978
26 0.770833 0.214758 0.025 0.0991189
13 0.44 0.696035 0.0233333 0.0837004
24 0.530833 0.807269 0.025 0.0814978
31 0.589167 0.80837 0.0283333 0.0748899
4 0.8025 0.687225 0.025 0.092511
14 0.321667 0.580396 0.0233333 0.0814978
14 0.326667 0.698238 0.0233333 0.0837004
32 0.1475 0.580396 0.0283333 0.0859031
15 0.381667 0.57489 0.0233333 0.0792952
11 0.926667 0.343612 0.0233333 0.0969163
2 0.14 0.188326 0.0266667 0.151982
4 0.829167 0.21696 0.0216667 0.0947137
17 0.250833 0.338106 0.025 0.103524
25 0.573333 0.214758 0.0266667 0.103524
15 0.293333 0.580396 0.0266667 0.0770925
28 0.0275 0.580396 0.025 0.0770925
18 0.500833 0.577093 0.025 0.0881057
33 0.723333 0.814978 0.0233333 0.0748899
33 0.166667 0.468062 0.0266667 0.0903084
18 0.53 0.578194 0.0266667 0.0903084
24 0.5025 0.807269 0.025 0.0814978
17 0.219167 0.335903 0.025 0.10793
27 0.255833 0.811674 0.025 0.0682819
28 0.105 0.469163 0.0266667 0.092511
27 0.2025 0.809471 0.025 0.0726872
28 0.149167 0.342511 0.0283333 0.0991189
22 0.375833 0.343612 0.0283333 0.101322
15 0.440833 0.577093 0.0216667 0.0837004
4 0.83 0.681718 0.02 0.0814978
31 0.5525 0.692731 0.025 0.0859031
26 0.738333 0.21696 0.03 0.0947137
27 0.175 0.813877 0.0233333 0.0726872
4 0.856667 0.214758 0.0233333 0.0947137
11 0.951667 0.343612 0.0233333 0.092511
15 0.351667 0.580396 0.0266667 0.0770925
25 0.5425 0.214758 0.0283333 0.10793
24 0.558333 0.807269 0.0266667 0.0814978
37 0.286667 0.810573 0.0233333 0.0704846
18 0.204167 0.46696 0.0283333 0.092511
15 0.410833 0.578194 0.025 0.0814978
15 0.469167 0.578194 0.025 0.0814978
31 0.6175 0.810573 0.0216667 0.0704846
31 0.641667 0.811674 0.0233333 0.0726872
37 0.508333 0.343612 0.0266667 0.101322
11 0.975 0.342511 0.0266667 0.0991189
22 0.44 0.342511 0.0266667 0.0991189
33 0.6975 0.812775 0.025 0.0792952
11 0.898333 0.344714 0.0233333 0.0947137
31 0.668333 0.810573 0.0233333 0.0748899
22 0.41 0.343612 0.0266667 0.101322
21 0.473333 0.212555 0.0266667 0.103524
4 0.778333 0.689427 0.0233333 0.0969163
25 0.506667 0.212555 0.0266667 0.103524
31 0.524167 0.692731 0.025 0.0903084
37 0.341667 0.811674 0.0233333 0.0770925
11 0.87 0.346916 0.0266667 0.0991189
37 0.313333 0.812775 0.0266667 0.0748899
28 0.0741667 0.469163 0.0283333 0.092511
39 0.176667 0.209251 0.03 0.105727
37 0.368333 0.80837 0.0266667 0.0792952
28 0.119167 0.34141 0.0283333 0.101322
39 0.303333 0.212555 0.03 0.0991189
37 0.580833 0.697137 0.025 0.0859031
33 0.136667 0.468062 0.0266667 0.0947137
37 0.610833 0.696035 0.025 0.0837004
21 0.371667 0.211454 0.0266667 0.110132
28 0.0441667 0.464758 0.0283333 0.092511
11 0.8325 0.343612 0.025 0.0969163
25 0.670833 0.215859 0.0283333 0.101322
28 0.0175 0.470264 0.0283333 0.0903084
39 0.339167 0.210352 0.0316667 0.10793
28 0.0533333 0.343612 0.0266667 0.0969163
21 0.405833 0.212555 0.0316667 0.10793
28 0.0233333 0.34141 0.0266667 0.0969163
37 0.635833 0.693833 0.0216667 0.0881057
39 0.240833 0.212555 0.025 0.103524
39 0.2075 0.210352 0.0283333 0.103524
28 0.0866667 0.344714 0.0266667 0.0991189
25 0.608333 0.21696 0.03 0.10793
21 0.44 0.210352 0.03 0.10793
25 0.641667 0.21696 0.03 0.10793
