31 0.609167 0.696035 0.0283333 0.092511
6 0.878333 0.789648 0.0166667 0.0814978
2 0.146667 0.19163 0.02 0.123348
22 0.433333 0.809471 0.05 0.0814978
27 0.1625 0.819383 0.0416667 0.0748899
34 0.503333 0.46696 0.0233333 0.092511
6 0.899167 0.687225 0.0283333 0.092511
33 0.04 0.573789 0.02 0.0770925
37 0.524167 0.345815 0.0516667 0.092511
6 0.923333 0.689427 0.02 0.0969163
37 0.354167 0.817181 0.0483333 0.0748899
26 0.829167 0.215859 0.025 0.101322
18 0.5325 0.468062 0.025 0.0947137
33 0.711667 0.811674 0.0433333 0.0726872
37 0.5425 0.343612 0.025 0.0969163
24 0.0158333 0.575991 0.0216667 0.0770925
15 0.355 0.571586 0.0266667 0.0814978
10 0.985833 0.464758 0.0183333 0.0881057
34 0.5175 0.46696 0.055 0.092511
12 0.8475 0.461454 0.025 0.0947137
5 0.941667 0.462555 0.02 0.092511
4 0.820833 0.570485 0.0216667 0.0881057
4 0.79 0.689427 0.04 0.092511
33 0.125833 0.462555 0.065 0.0881057
18 0.644167 0.573789 0.0216667 0.0859031
33 0.106667 0.581498 0.0466667 0.0837004
4 0.841667 0.687225 0.0366667 0.0881057
4 0.766667 0.67511 0.0366667 0.0770925
6 0.8525 0.687225 0.0216667 0.0881057
33 0.135 0.582599 0.0533333 0.0770925
40 0.668333 0.349119 0.03 0.0947137
10 0.913333 0.461454 0.0233333 0.0903084
18 0.503333 0.46696 0.0233333 0.092511
11 0.8425 0.343612 0.025 0.0969163
25 0.59 0.210352 0.0566667 0.0991189
1 0.981667 0.213656 0.0233333 0.105727
24 0.105 0.46696 0.0266667 0.092511
14 0.355 0.571586 0.0233333 0.0770925
11 0.8275 0.345815 0.0483333 0.092511
36 0.6675 0.572687 0.0216667 0.0837004
6 0.940833 0.792952 0.025 0.092511
31 0.510833 0.674009 0.045 0.0704846
40 0.5975 0.340308 0.025 0.0903084
11 0.855 0.343612 0.0433333 0.0837004
28 0.169167 0.344714 0.045 0.0947137
34 0.530833 0.469163 0.025 0.092511
18 0.191667 0.342511 0.0266667 0.103524
6 0.91 0.795154 0.0233333 0.101322
37 0.2925 0.798458 0.0183333 0.0682819
26 0.706667 0.215859 0.0266667 0.105727
4 0.84 0.214758 0.0233333 0.0947137
24 0.793333 0.571586 0.0266667 0.0859031
6 0.86 0.796256 0.02 0.0947137
15 0.261667 0.578194 0.0233333 0.0726872
13 0.411667 0.692731 0.0233333 0.0859031
18 0.256667 0.338106 0.0233333 0.10793
2 0.0241667 0.188326 0.0283333 0.147577
18 0.615 0.573789 0.0266667 0.0859031
1 0.933333 0.207048 0.0266667 0.118943
1 0.964167 0.207048 0.035 0.110132
18 0.389167 0.457048 0.035 0.0991189
12 0.824167 0.459251 0.0183333 0.0947137
6 0.875 0.689427 0.0233333 0.092511
31 0.651667 0.802863 0.04 0.0726872
2 0.1275 0.190529 0.025 0.138767
24 0.575833 0.77533 0.025 0.0704846
25 0.704167 0.21696 0.025 0.0947137
14 0.299167 0.570485 0.025 0.0792952
15 0.215 0.582599 0.0266667 0.0814978
26 0.760833 0.21696 0.0216667 0.0947137
27 0.0941667 0.818282 0.0216667 0.0682819
27 0.120833 0.812775 0.025 0.0704846
32 0.6175 0.462555 0.025 0.0881057
33 0.120833 0.579295 0.025 0.0792952
43 0.0233333 0.801762 0.0233333 0.0704846
22 0.449167 0.811674 0.025 0.0859031
16 0.215 0.701542 0.0233333 0.0814978
28 0.0725 0.702643 0.0283333 0.0792952
28 0.753333 0.568282 0.0233333 0.0792952
14 0.3275 0.569383 0.0283333 0.0859031
25 0.735833 0.215859 0.025 0.101322
4 0.8625 0.214758 0.025 0.0991189
28 0.0158333 0.700441 0.025 0.0837004
20 0.0875 0.814978 0.025 0.0704846
14 0.333333 0.686123 0.02 0.0814978
34 0.59 0.464758 0.0233333 0.092511
24 0.525 0.773128 0.0166667 0.0528634
40 0.6375 0.344714 0.0283333 0.0947137
36 0.703333 0.577093 0.0266667 0.092511
13 0.438333 0.693833 0.0233333 0.0881057
39 0.3725 0.210352 0.025 0.10793
32 0.120833 0.580396 0.025 0.0859031
15 0.298333 0.571586 0.0266667 0.0814978
4 0.8975 0.212555 0.025 0.103524
26 0.8025 0.218062 0.0283333 0.0969163
31 0.4975 0.677313 0.025 0.0903084
26 0.7375 0.214758 0.025 0.0991189
4 0.8025 0.685022 0.0216667 0.0837004
25 0.54 0.215859 0.0233333 0.101322
27 0.144167 0.814978 0.025 0.0748899
32 0.149167 0.578194 0.025 0.0814978
22 0.375833 0.342511 0.0283333 0.103524
15 0.385833 0.571586 0.0216667 0.0814978
18 0.580833 0.57489 0.025 0.0837004
32 0.645833 0.462555 0.025 0.0881057
15 0.440833 0.57489 0.0216667 0.0837004
25 0.505833 0.215859 0.0283333 0.105727
33 0.150833 0.579295 0.025 0.0792952
32 0.709167 0.468062 0.0283333 0.0859031
31 0.468333 0.687225 0.0233333 0.0881057
27 0.23 0.818282 0.0266667 0.0682819
27 0.1725 0.814978 0.0216667 0.0704846
33 0.1775 0.461454 0.0216667 0.0903084
31 0.58 0.77533 0.02 0.0572687
33 0.0616667 0.578194 0.0233333 0.0814978
18 0.233333 0.462555 0.03 0.0969163
6 0.979167 0.795154 0.025 0.0969163
17 0.190833 0.337004 0.0283333 0.105727
31 0.666667 0.806167 0.0266667 0.0837004
34 0.561667 0.468062 0.0266667 0.0947137
4 0.83 0.681718 0.02 0.0770925
11 0.975 0.344714 0.03 0.0991189
22 0.4725 0.343612 0.0283333 0.0969163
28 0.0458333 0.701542 0.025 0.0814978
15 0.411667 0.572687 0.0233333 0.0792952
4 0.743333 0.661894 0.02 0.0638767
18 0.551667 0.57489 0.0233333 0.0837004
27 0.263333 0.834802 0.0233333 0.0792952
33 0.725 0.811674 0.0233333 0.0770925
24 0.740833 0.46696 0.025 0.0792952
11 0.819167 0.342511 0.0216667 0.0991189
18 0.474167 0.459251 0.025 0.0991189
4 0.7775 0.687225 0.0216667 0.092511
21 0.47 0.215859 0.0233333 0.101322
37 0.509167 0.343612 0.0283333 0.105727
33 0.0908333 0.579295 0.025 0.0837004
11 0.896667 0.342511 0.0166667 0.0859031
28 0.0166667 0.575991 0.02 0.0726872
31 0.604167 0.77533 0.0216667 0.0572687
21 0.371667 0.212555 0.0233333 0.103524
28 0.0575 0.345815 0.0283333 0.092511
11 0.950833 0.344714 0.025 0.0991189
33 0.6975 0.80837 0.025 0.0792952
25 0.568333 0.21696 0.0333333 0.0991189
33 0.150833 0.465859 0.025 0.0859031
15 0.469167 0.578194 0.025 0.0859031
37 0.341667 0.813877 0.0233333 0.0726872
18 0.204167 0.463656 0.0283333 0.0947137
11 0.918333 0.346916 0.0266667 0.0947137
18 0.414167 0.461454 0.025 0.0991189
27 0.198333 0.831498 0.0233333 0.0814978
31 0.638333 0.799559 0.0233333 0.0704846
31 0.525 0.67511 0.0233333 0.0682819
18 0.444167 0.459251 0.025 0.0947137
18 0.260833 0.459251 0.0283333 0.103524
32 0.675 0.462555 0.0266667 0.0881057
24 0.754167 0.571586 0.0283333 0.0814978
24 0.5025 0.807269 0.0216667 0.0903084
31 0.551667 0.683921 0.0233333 0.0859031
37 0.315833 0.802863 0.0216667 0.0682819
33 0.105833 0.465859 0.025 0.0859031
22 0.439167 0.34141 0.0283333 0.0969163
28 0.0583333 0.465859 0.0266667 0.0859031
17 0.2575 0.334802 0.025 0.110132
21 0.405833 0.211454 0.0316667 0.105727
39 0.175 0.210352 0.03 0.103524
37 0.635 0.686123 0.02 0.0770925
37 0.581667 0.686123 0.0233333 0.0814978
25 0.671667 0.21696 0.03 0.103524
28 0.0875 0.345815 0.0283333 0.092511
28 0.02 0.465859 0.03 0.0859031
22 0.41 0.342511 0.0266667 0.103524
37 0.61 0.692731 0.0266667 0.0859031
11 0.870833 0.343612 0.025 0.0969163
39 0.2075 0.211454 0.0283333 0.0969163
39 0.2425 0.211454 0.025 0.0969163
39 0.301667 0.210352 0.0266667 0.103524
37 0.3675 0.813877 0.025 0.0770925
28 0.0241667 0.346916 0.0283333 0.0903084
21 0.439167 0.211454 0.0283333 0.105727
25 0.6075 0.21696 0.0283333 0.103524
39 0.331667 0.211454 0.03 0.101322
28 0.1325 0.349119 0.025 0.0947137
25 0.64 0.21696 0.0333333 0.10793
