33 0.0925 0.470264 0.0516667 0.0947137
43 0.0658333 0.816079 0.0216667 0.0726872
1 0.96 0.215859 0.0266667 0.0969163
28 0.0308333 0.559471 0.045 0.0572687
6 0.936667 0.795154 0.02 0.101322
34 0.52 0.468062 0.0566667 0.0991189
12 0.9125 0.797357 0.0216667 0.101322
17 0.291667 0.335903 0.0533333 0.0903084
18 0.4925 0.465859 0.045 0.0991189
37 0.566667 0.589207 0.0266667 0.10793
26 0.785833 0.218062 0.045 0.0969163
18 0.368333 0.465859 0.0633333 0.103524
15 0.330833 0.569383 0.0283333 0.0770925
33 0.503333 0.568282 0.0233333 0.0792952
39 0.294167 0.212555 0.0583333 0.103524
14 0.37 0.669604 0.0233333 0.0792952
28 0.0758333 0.575991 0.0216667 0.0770925
2 0.0116667 0.187225 0.02 0.145374
39 0.324167 0.213656 0.0583333 0.101322
1 0.901667 0.210352 0.0266667 0.103524
24 0.765 0.580396 0.0233333 0.0814978
22 0.451667 0.813877 0.0233333 0.0770925
11 0.829167 0.786344 0.0183333 0.0837004
15 0.400833 0.570485 0.0516667 0.0792952
36 0.649167 0.575991 0.0216667 0.0859031
26 0.756667 0.219163 0.0566667 0.0991189
8 0.86 0.685022 0.04 0.101322
5 0.939167 0.457048 0.0216667 0.103524
27 0.221667 0.816079 0.0433333 0.0682819
27 0.241667 0.816079 0.0433333 0.0682819
27 0.0925 0.819383 0.0283333 0.0704846
39 0.258333 0.215859 0.0533333 0.101322
31 0.631667 0.805066 0.0366667 0.0814978
28 0.0166667 0.704846 0.0266667 0.0792952
37 0.573333 0.344714 0.0266667 0.0991189
24 0.744167 0.469163 0.025 0.0881057
11 0.8025 0.459251 0.0216667 0.0991189
40 0.668333 0.342511 0.0266667 0.0947137
43 0.0133333 0.817181 0.0266667 0.0660793
15 0.359167 0.569383 0.025 0.0814978
13 0.413333 0.697137 0.0233333 0.0859031
31 0.466667 0.694934 0.0233333 0.0859031
33 0.0966667 0.573789 0.0166667 0.0770925
32 0.709167 0.462555 0.025 0.0881057
2 0.1175 0.19163 0.0283333 0.145374
1 0.929167 0.21696 0.0216667 0.103524
11 0.9925 0.343612 0.015 0.105727
28 0.109167 0.469163 0.0283333 0.092511
24 0.736667 0.580396 0.0233333 0.0814978
33 0.109167 0.468062 0.0283333 0.0947137
16 0.2525 0.69163 0.0216667 0.0792952
2 0.0558333 0.189427 0.025 0.136564
28 0.0441667 0.557269 0.025 0.0660793
12 0.795 0.795154 0.0233333 0.0969163
14 0.329167 0.570485 0.025 0.0792952
4 0.900833 0.209251 0.025 0.105727
14 0.301667 0.568282 0.0233333 0.0792952
28 0.0683333 0.471366 0.0433333 0.0881057
27 0.153333 0.809471 0.0233333 0.0682819
12 0.829167 0.786344 0.0183333 0.0881057
33 0.5325 0.579295 0.025 0.092511
13 0.390833 0.6663 0.0216667 0.0726872
31 0.500833 0.699339 0.025 0.0947137
8 0.8975 0.685022 0.025 0.101322
2 0.0866667 0.190529 0.0266667 0.143172
14 0.3025 0.697137 0.025 0.0859031
34 0.504167 0.468062 0.025 0.0991189
34 0.5325 0.469163 0.025 0.0969163
33 0.725833 0.820485 0.0283333 0.0770925
25 0.570833 0.21696 0.025 0.0859031
40 0.639167 0.344714 0.0283333 0.0947137
14 0.275833 0.687225 0.0216667 0.0748899
22 0.471667 0.344714 0.0266667 0.0947137
26 0.704167 0.219163 0.025 0.0947137
20 0.0916667 0.817181 0.0233333 0.0704846
21 0.379167 0.214758 0.025 0.103524
24 0.56 0.802863 0.0233333 0.0726872
37 0.575833 0.6663 0.0216667 0.0726872
31 0.669167 0.810573 0.0283333 0.0792952
33 0.120833 0.582599 0.025 0.0814978
18 0.196667 0.34141 0.0266667 0.105727
28 0.0725 0.702643 0.025 0.0748899
32 0.120833 0.5837 0.025 0.0748899
15 0.474167 0.559471 0.0216667 0.0792952
37 0.5425 0.343612 0.0283333 0.0969163
13 0.44 0.694934 0.0233333 0.0814978
28 0.00833333 0.346916 0.0166667 0.0859031
32 0.1475 0.581498 0.0283333 0.0837004
24 0.530833 0.811674 0.025 0.0814978
12 0.864167 0.792952 0.0216667 0.0969163
34 0.59 0.468062 0.0266667 0.0947137
27 0.120833 0.814978 0.025 0.0704846
12 0.8025 0.459251 0.0216667 0.0991189
12 0.828333 0.45815 0.0233333 0.105727
15 0.415 0.569383 0.0233333 0.0814978
4 0.763333 0.651982 0.02 0.0572687
32 0.653333 0.46696 0.0266667 0.092511
4 0.861667 0.210352 0.0266667 0.103524
33 0.701667 0.813877 0.0233333 0.0770925
24 0.505 0.812775 0.0233333 0.0837004
14 0.33 0.699339 0.0233333 0.0859031
32 0.6225 0.46696 0.025 0.092511
17 0.249167 0.334802 0.0216667 0.0969163
15 0.445833 0.559471 0.0216667 0.0837004
17 0.275 0.334802 0.0266667 0.092511
4 0.828333 0.213656 0.0233333 0.105727
26 0.8 0.21696 0.0266667 0.103524
25 0.6075 0.218062 0.0283333 0.0969163
32 0.1825 0.57489 0.025 0.0837004
31 0.524167 0.683921 0.0216667 0.0770925
18 0.264167 0.465859 0.0283333 0.0903084
34 0.564167 0.470264 0.025 0.0991189
25 0.671667 0.218062 0.0266667 0.0969163
15 0.386667 0.570485 0.0233333 0.0792952
18 0.383333 0.463656 0.0266667 0.0991189
18 0.205833 0.468062 0.0283333 0.0947137
28 0.0475 0.704846 0.025 0.0748899
26 0.7375 0.218062 0.025 0.101322
28 0.0166667 0.560573 0.0233333 0.0638767
4 0.7975 0.659692 0.0216667 0.0770925
37 0.5125 0.345815 0.0283333 0.0969163
32 0.6825 0.468062 0.025 0.0903084
11 0.803333 0.34141 0.0233333 0.101322
22 0.413333 0.340308 0.0266667 0.0947137
21 0.474167 0.21696 0.025 0.0991189
26 0.7725 0.21696 0.025 0.103524
18 0.414167 0.463656 0.025 0.0991189
22 0.444167 0.340308 0.025 0.0947137
18 0.4725 0.463656 0.025 0.0991189
1 0.971667 0.212555 0.0233333 0.0991189
31 0.64 0.800661 0.02 0.0726872
39 0.179167 0.212555 0.025 0.0991189
27 0.258333 0.813877 0.0233333 0.0726872
31 0.5875 0.810573 0.025 0.0837004
27 0.204167 0.814978 0.025 0.0704846
37 0.2875 0.811674 0.0216667 0.0726872
27 0.178333 0.814978 0.0233333 0.0704846
18 0.444167 0.464758 0.025 0.0969163
37 0.599167 0.667401 0.0216667 0.0704846
28 0.0191667 0.472467 0.0283333 0.0903084
11 0.83 0.343612 0.0266667 0.0969163
31 0.615833 0.810573 0.0216667 0.0792952
39 0.210833 0.215859 0.0316667 0.092511
39 0.338333 0.211454 0.0266667 0.105727
33 0.1725 0.46696 0.0283333 0.0969163
17 0.1975 0.337004 0.0283333 0.110132
18 0.351667 0.465859 0.0266667 0.103524
11 0.966667 0.340308 0.0266667 0.10793
37 0.341667 0.817181 0.0233333 0.0748899
25 0.640833 0.218062 0.0283333 0.101322
28 0.0733333 0.344714 0.0266667 0.0903084
11 0.931667 0.34141 0.02 0.105727
21 0.441667 0.214758 0.0333333 0.103524
37 0.314167 0.816079 0.025 0.0770925
39 0.311667 0.211454 0.0266667 0.114537
28 0.0425 0.345815 0.0283333 0.092511
39 0.2425 0.212555 0.0283333 0.10793
28 0.0466667 0.469163 0.03 0.0969163
37 0.368333 0.814978 0.0266667 0.0792952
33 0.139167 0.469163 0.0283333 0.092511
39 0.275833 0.212555 0.025 0.10793
21 0.408333 0.215859 0.03 0.101322
