28 0.744167 0.465859 0.0283333 0.0903084
31 0.655 0.796256 0.0366667 0.0726872
18 0.531667 0.465859 0.0266667 0.0991189
13 0.448333 0.671806 0.0166667 0.0837004
28 0.0141667 0.348018 0.0283333 0.092511
31 0.51 0.668502 0.0466667 0.0682819
16 0.241667 0.701542 0.0266667 0.0770925
11 0.828333 0.45815 0.0233333 0.0969163
28 0.0875 0.561674 0.0283333 0.0748899
14 0.365833 0.664097 0.025 0.0903084
28 0.0141667 0.700441 0.0216667 0.0792952
4 0.903333 0.670705 0.02 0.0859031
31 0.693333 0.800661 0.0266667 0.0726872
25 0.558333 0.212555 0.0633333 0.0991189
4 0.773333 0.668502 0.03 0.0726872
34 0.516667 0.463656 0.0566667 0.0903084
12 0.829167 0.459251 0.0216667 0.0991189
14 0.323333 0.579295 0.0233333 0.0837004
11 0.984167 0.564978 0.0183333 0.0903084
22 0.475 0.809471 0.0266667 0.0859031
17 0.241667 0.338106 0.0533333 0.0991189
33 0.618333 0.575991 0.0233333 0.0859031
18 0.590833 0.46696 0.0283333 0.0969163
4 0.803333 0.669604 0.0366667 0.0837004
31 0.468333 0.671806 0.0233333 0.0792952
8 0.840833 0.672907 0.025 0.0903084
37 0.594167 0.683921 0.0483333 0.0726872
22 0.395833 0.811674 0.025 0.0770925
12 0.804167 0.781938 0.0183333 0.0837004
12 0.87 0.457048 0.0233333 0.103524
32 0.618333 0.57489 0.0233333 0.0881057
34 0.5025 0.468062 0.0216667 0.0991189
33 0.0141667 0.698238 0.0216667 0.0792952
18 0.495 0.463656 0.0366667 0.0947137
18 0.388333 0.45815 0.0266667 0.0969163
28 0.180833 0.343612 0.0316667 0.092511
40 0.631667 0.343612 0.0266667 0.0969163
26 0.728333 0.221366 0.0266667 0.0947137
37 0.621667 0.682819 0.04 0.0792952
43 0.0358333 0.786344 0.025 0.061674
4 0.97 0.670705 0.02 0.0814978
25 0.640833 0.219163 0.0216667 0.0903084
18 0.266667 0.334802 0.0266667 0.105727
20 0.0725 0.806167 0.0316667 0.0792952
18 0.230833 0.339207 0.0316667 0.101322
18 0.2425 0.45815 0.025 0.0969163
1 0.9425 0.20815 0.0483333 0.11674
11 0.904167 0.340308 0.0316667 0.0903084
1 0.9275 0.20815 0.025 0.11674
14 0.338333 0.665198 0.02 0.0660793
14 0.305 0.686123 0.0233333 0.0814978
37 0.395 0.814978 0.0233333 0.0837004
2 0.14 0.193833 0.02 0.127753
17 0.325833 0.459251 0.0283333 0.0991189
17 0.2975 0.3337 0.025 0.0991189
12 0.7825 0.78304 0.0183333 0.0859031
4 0.98 0.6663 0.0266667 0.0859031
27 0.12 0.813877 0.0233333 0.0726872
28 0.07 0.468062 0.04 0.0859031
6 0.899167 0.784141 0.0183333 0.0837004
4 0.895 0.211454 0.0266667 0.105727
28 0.734167 0.581498 0.0216667 0.0837004
28 0.1675 0.34141 0.0183333 0.092511
4 0.87 0.213656 0.02 0.105727
1 0.984167 0.209251 0.0216667 0.118943
34 0.530833 0.468062 0.025 0.0947137
16 0.215833 0.699339 0.0216667 0.0770925
31 0.578333 0.686123 0.0233333 0.0859031
14 0.298333 0.580396 0.0266667 0.0903084
18 0.3575 0.457048 0.025 0.0991189
18 0.413333 0.45815 0.0233333 0.0969163
17 0.356667 0.45815 0.0233333 0.0969163
18 0.501667 0.573789 0.0233333 0.0859031
24 0.505 0.802863 0.0233333 0.0859031
17 0.26 0.338106 0.0333333 0.0991189
31 0.525 0.667401 0.03 0.0660793
22 0.449167 0.811674 0.025 0.0859031
12 0.759167 0.785242 0.0183333 0.0814978
34 0.590833 0.463656 0.025 0.0991189
4 0.856667 0.212555 0.0233333 0.103524
24 0.735 0.580396 0.0233333 0.0814978
15 0.321667 0.579295 0.0233333 0.0748899
39 0.374167 0.212555 0.0283333 0.10793
31 0.4975 0.6663 0.0216667 0.0770925
33 0.1075 0.46696 0.0283333 0.0881057
28 0.1075 0.46696 0.0283333 0.092511
1 0.956667 0.203744 0.0266667 0.125551
2 0.0258333 0.190529 0.0283333 0.147577
31 0.6675 0.812775 0.0216667 0.0792952
27 0.146667 0.816079 0.0266667 0.0726872
26 0.791667 0.218062 0.0233333 0.101322
6 0.920833 0.781938 0.0183333 0.0837004
28 0.761667 0.578194 0.0233333 0.0814978
15 0.471667 0.568282 0.0233333 0.0748899
4 0.786667 0.667401 0.0266667 0.0837004
31 0.634167 0.787445 0.0216667 0.0682819
24 0.7625 0.578194 0.025 0.0814978
27 0.230833 0.813877 0.025 0.0726872
37 0.288333 0.810573 0.0233333 0.0748899
24 0.744167 0.465859 0.025 0.0814978
31 0.5475 0.6663 0.0216667 0.0682819
6 0.984167 0.778634 0.0216667 0.0859031
4 0.816667 0.214758 0.0233333 0.0991189
15 0.385833 0.578194 0.0283333 0.0859031
18 0.295 0.462555 0.0266667 0.101322
24 0.553333 0.779736 0.02 0.0704846
22 0.33 0.331498 0.0233333 0.0947137
18 0.206667 0.465859 0.03 0.0991189
25 0.5075 0.214758 0.025 0.0991189
32 0.643333 0.460352 0.0266667 0.0837004
24 0.529167 0.790749 0.0216667 0.0792952
37 0.544167 0.342511 0.0283333 0.0947137
15 0.414167 0.569383 0.025 0.0770925
26 0.759167 0.218062 0.025 0.101322
4 0.838333 0.672907 0.0233333 0.0947137
27 0.258333 0.810573 0.0233333 0.0704846
18 0.325 0.459251 0.03 0.0991189
18 0.5275 0.569383 0.0183333 0.0814978
15 0.296667 0.581498 0.0266667 0.0748899
22 0.464167 0.345815 0.025 0.092511
34 0.561667 0.468062 0.0266667 0.0991189
32 0.715 0.468062 0.03 0.0859031
22 0.389167 0.340308 0.025 0.0903084
4 0.835 0.214758 0.02 0.0947137
25 0.5725 0.214758 0.0283333 0.103524
39 0.183333 0.212555 0.0233333 0.0991189
18 0.471667 0.461454 0.0266667 0.0991189
25 0.541667 0.215859 0.03 0.105727
28 0.148333 0.338106 0.02 0.0903084
27 0.2075 0.801762 0.0216667 0.0704846
15 0.444167 0.561674 0.0216667 0.0837004
21 0.375 0.214758 0.03 0.103524
22 0.358333 0.3337 0.0233333 0.0947137
11 0.893333 0.337004 0.02 0.101322
31 0.600833 0.79185 0.0216667 0.0726872
37 0.513333 0.344714 0.0266667 0.0903084
27 0.178333 0.811674 0.0266667 0.0726872
28 0.0575 0.344714 0.0283333 0.0903084
4 0.813333 0.671806 0.02 0.0881057
11 0.835 0.339207 0.0266667 0.101322
22 0.4325 0.344714 0.0283333 0.0947137
32 0.678333 0.462555 0.0266667 0.0881057
37 0.6325 0.681718 0.0183333 0.0814978
39 0.2525 0.215859 0.0283333 0.092511
28 0.0175 0.465859 0.0283333 0.0859031
25 0.606667 0.21696 0.03 0.0991189
33 0.0891667 0.570485 0.0216667 0.0792952
33 0.1675 0.465859 0.0283333 0.0947137
18 0.4425 0.460352 0.025 0.092511
39 0.213333 0.214758 0.03 0.0947137
21 0.409167 0.215859 0.0283333 0.101322
28 0.0466667 0.46696 0.03 0.092511
39 0.339167 0.211454 0.0283333 0.110132
21 0.440833 0.212555 0.0316667 0.103524
37 0.581667 0.685022 0.0233333 0.0792952
21 0.473333 0.213656 0.0266667 0.101322
33 0.1375 0.468062 0.025 0.0903084
37 0.605833 0.685022 0.0216667 0.0792952
11 0.868333 0.338106 0.0266667 0.103524
28 0.101667 0.348018 0.0266667 0.092511
11 0.945 0.34141 0.0266667 0.105727
28 0.025 0.348018 0.03 0.0969163
39 0.310833 0.211454 0.0283333 0.110132
