25 0.593333 0.210352 0.06 0.0947137
43 0.0491667 0.800661 0.0216667 0.0682819
43 0.0716667 0.798458 0.02 0.0682819
37 0.5275 0.343612 0.0516667 0.0969163
24 0.730833 0.572687 0.025 0.0837004
27 0.216667 0.809471 0.0333333 0.0638767
39 0.259167 0.20815 0.065 0.103524
37 0.624167 0.694934 0.0416667 0.0903084
5 0.91 0.455947 0.0333333 0.101322
34 0.515833 0.462555 0.055 0.092511
24 0.786667 0.461454 0.0466667 0.0859031
21 0.360833 0.207048 0.065 0.105727
31 0.569167 0.69163 0.0483333 0.0837004
28 0.744167 0.465859 0.0283333 0.0903084
11 0.913333 0.339207 0.0433333 0.101322
31 0.468333 0.670705 0.0233333 0.0770925
28 0.0108333 0.559471 0.0216667 0.0704846
32 0.6475 0.575991 0.0216667 0.0859031
5 0.940833 0.453745 0.0216667 0.0969163
37 0.394167 0.812775 0.025 0.0837004
4 0.8375 0.213656 0.025 0.0969163
34 0.530833 0.468062 0.025 0.0947137
18 0.495833 0.462555 0.0383333 0.0969163
12 0.854167 0.776432 0.0216667 0.0947137
28 0.0308333 0.566079 0.025 0.0792952
37 0.595 0.692731 0.0466667 0.0814978
33 0.1 0.469163 0.0433333 0.0881057
20 0.145833 0.813877 0.025 0.0726872
43 0.0166667 0.703744 0.0233333 0.0770925
28 0.0533333 0.344714 0.0566667 0.0859031
17 0.2925 0.3337 0.025 0.103524
24 0.764167 0.579295 0.0216667 0.0837004
12 0.793333 0.796256 0.02 0.0947137
14 0.305833 0.683921 0.0216667 0.0814978
28 0.0141667 0.700441 0.025 0.0792952
10 0.961667 0.564978 0.0333333 0.0903084
13 0.440833 0.67511 0.0283333 0.0770925
14 0.295833 0.580396 0.0283333 0.0991189
33 0.163333 0.570485 0.0266667 0.0792952
1 0.945 0.205947 0.0433333 0.11674
22 0.38 0.339207 0.0266667 0.110132
12 0.871667 0.778634 0.0166667 0.0903084
24 0.696667 0.80837 0.0233333 0.0837004
26 0.6975 0.215859 0.025 0.101322
22 0.356667 0.338106 0.04 0.103524
39 0.295833 0.209251 0.0583333 0.105727
25 0.729167 0.218062 0.025 0.0969163
32 0.619167 0.57489 0.0216667 0.0837004
25 0.524167 0.212555 0.055 0.0991189
11 0.871667 0.778634 0.0166667 0.0903084
12 0.816667 0.792952 0.02 0.101322
40 0.631667 0.343612 0.0266667 0.0969163
12 0.829167 0.45815 0.0216667 0.101322
4 0.805 0.667401 0.0466667 0.0837004
18 0.413333 0.457048 0.0233333 0.0991189
14 0.363333 0.669604 0.0233333 0.0792952
2 0.085 0.182819 0.03 0.145374
43 0.0133333 0.811674 0.0233333 0.0682819
4 0.823333 0.211454 0.0266667 0.101322
17 0.355833 0.457048 0.025 0.0991189
10 0.963333 0.457048 0.0233333 0.0991189
14 0.3375 0.664097 0.0216667 0.0638767
34 0.591667 0.465859 0.0266667 0.0947137
16 0.215833 0.697137 0.0216667 0.0770925
12 0.869167 0.454846 0.0216667 0.103524
22 0.449167 0.810573 0.025 0.0837004
26 0.728333 0.214758 0.0266667 0.0991189
4 0.980833 0.667401 0.025 0.0837004
27 0.120833 0.811674 0.025 0.0726872
28 0.73 0.572687 0.0266667 0.0792952
17 0.325 0.460352 0.0266667 0.0969163
1 0.965833 0.203744 0.0416667 0.11674
1 0.985 0.207048 0.0233333 0.118943
33 0.719167 0.798458 0.0183333 0.0682819
18 0.265833 0.45815 0.0283333 0.0969163
37 0.284167 0.811674 0.025 0.0726872
15 0.440833 0.573789 0.025 0.0859031
20 0.0816667 0.810573 0.03 0.0748899
18 0.245833 0.338106 0.0283333 0.112335
24 0.579167 0.773128 0.0216667 0.0572687
33 0.121667 0.579295 0.0233333 0.0792952
18 0.501667 0.57489 0.0233333 0.0837004
31 0.665 0.796256 0.02 0.0770925
10 0.971667 0.563877 0.02 0.092511
28 0.0725 0.700441 0.0283333 0.0748899
2 0.115833 0.183921 0.0283333 0.138767
2 0.025 0.185022 0.03 0.15859
4 0.896667 0.213656 0.0266667 0.101322
18 0.3575 0.457048 0.025 0.0991189
4 0.870833 0.213656 0.025 0.101322
28 0.105833 0.465859 0.0283333 0.0947137
31 0.580833 0.772026 0.0216667 0.0594714
27 0.146667 0.812775 0.0266667 0.0748899
6 0.9175 0.784141 0.0216667 0.0837004
22 0.321667 0.337004 0.0233333 0.105727
31 0.498333 0.69163 0.0233333 0.0881057
6 0.981667 0.792952 0.0233333 0.101322
27 0.095 0.816079 0.0233333 0.0682819
32 0.159167 0.569383 0.025 0.0814978
34 0.560833 0.469163 0.0283333 0.0969163
33 0.0991667 0.570485 0.0216667 0.0748899
18 0.215833 0.338106 0.025 0.10793
28 0.763333 0.578194 0.0233333 0.0814978
31 0.631667 0.770925 0.02 0.0572687
32 0.6225 0.465859 0.025 0.0903084
18 0.295 0.461454 0.0266667 0.0991189
25 0.695 0.213656 0.03 0.101322
11 0.949167 0.343612 0.0216667 0.0969163
15 0.386667 0.573789 0.0266667 0.0814978
6 0.94 0.78304 0.0166667 0.0814978
18 0.325 0.457048 0.03 0.0991189
32 0.121667 0.579295 0.0233333 0.0792952
32 0.653333 0.465859 0.0266667 0.0903084
15 0.47 0.57489 0.0233333 0.0792952
11 0.926667 0.338106 0.0233333 0.0947137
28 0.0716667 0.468062 0.0366667 0.0859031
25 0.570833 0.215859 0.025 0.101322
15 0.295 0.579295 0.0266667 0.0837004
4 0.84 0.670705 0.0233333 0.0947137
26 0.79 0.218062 0.0266667 0.092511
24 0.744167 0.464758 0.025 0.0792952
24 0.504167 0.80837 0.0216667 0.0792952
15 0.410833 0.579295 0.025 0.0837004
22 0.465833 0.344714 0.025 0.0947137
32 0.685 0.46696 0.0266667 0.092511
18 0.235 0.463656 0.03 0.0991189
32 0.715833 0.468062 0.025 0.0859031
15 0.321667 0.578194 0.0266667 0.0814978
27 0.23 0.813877 0.0233333 0.0726872
24 0.529167 0.790749 0.0216667 0.0748899
27 0.256667 0.810573 0.0233333 0.0704846
25 0.506667 0.212555 0.0266667 0.0991189
18 0.204167 0.462555 0.0283333 0.0969163
4 0.786667 0.665198 0.0233333 0.092511
37 0.544167 0.343612 0.0283333 0.0969163
26 0.759167 0.219163 0.025 0.0947137
18 0.471667 0.460352 0.0266667 0.101322
18 0.528333 0.570485 0.02 0.0792952
25 0.541667 0.214758 0.0266667 0.103524
27 0.2075 0.800661 0.0216667 0.0726872
4 0.814167 0.667401 0.0216667 0.092511
33 0.169167 0.464758 0.0283333 0.092511
27 0.1775 0.810573 0.025 0.0748899
24 0.553333 0.796256 0.02 0.0726872
33 0.696667 0.809471 0.0233333 0.0770925
31 0.605 0.78304 0.02 0.0638767
37 0.51 0.342511 0.0266667 0.10793
37 0.635833 0.692731 0.0216667 0.0814978
22 0.433333 0.342511 0.0266667 0.0991189
33 0.06 0.578194 0.0266667 0.0859031
17 0.2475 0.334802 0.0283333 0.110132
31 0.524167 0.69163 0.0216667 0.0792952
11 0.835 0.339207 0.0266667 0.101322
39 0.340833 0.209251 0.0283333 0.105727
11 0.896667 0.338106 0.0233333 0.103524
39 0.176667 0.210352 0.0266667 0.0991189
31 0.551667 0.688326 0.0233333 0.0859031
18 0.4425 0.45815 0.025 0.0969163
25 0.636667 0.215859 0.0266667 0.092511
17 0.215833 0.334802 0.025 0.114537
21 0.375 0.211454 0.03 0.105727
37 0.58 0.696035 0.0233333 0.0837004
37 0.609167 0.693833 0.025 0.0837004
39 0.311667 0.210352 0.0266667 0.112335
28 0.0175 0.469163 0.0283333 0.0881057
28 0.0458333 0.464758 0.0283333 0.092511
28 0.0733333 0.34141 0.0266667 0.092511
33 0.138333 0.465859 0.0266667 0.0903084
21 0.440833 0.209251 0.0316667 0.105727
11 0.87 0.338106 0.0266667 0.103524
21 0.408333 0.211454 0.0266667 0.105727
39 0.21 0.209251 0.03 0.101322
21 0.473333 0.211454 0.0266667 0.105727
39 0.244167 0.20815 0.0283333 0.103524
39 0.279167 0.210352 0.0283333 0.103524
28 0.0266667 0.346916 0.03 0.0947137
25 0.6075 0.215859 0.0283333 0.101322
