12 0.8375 0.796256 0.0283333 0.0947137
37 0.573333 0.344714 0.0266667 0.0991189
18 0.361667 0.460352 0.06 0.092511
15 0.328333 0.571586 0.0233333 0.0814978
17 0.314167 0.338106 0.0283333 0.103524
6 0.933333 0.795154 0.0233333 0.0969163
21 0.343333 0.212555 0.03 0.10793
13 0.408333 0.697137 0.0333333 0.0814978
41 0.605833 0.343612 0.0283333 0.092511
8 0.904167 0.686123 0.0383333 0.0991189
11 0.983333 0.459251 0.0233333 0.0947137
32 0.5625 0.580396 0.025 0.0814978
39 0.291667 0.212555 0.06 0.103524
2 0.0116667 0.186123 0.02 0.147577
18 0.531667 0.465859 0.0266667 0.0991189
8 0.86 0.685022 0.04 0.101322
4 0.761667 0.657489 0.02 0.0594714
36 0.674167 0.580396 0.0283333 0.0903084
10 0.984167 0.460352 0.0216667 0.092511
32 0.588333 0.578194 0.0266667 0.0859031
2 0.0525 0.189427 0.025 0.136564
27 0.241667 0.814978 0.0466667 0.0704846
2 0.115833 0.190529 0.0283333 0.143172
2 0.0291667 0.190529 0.025 0.143172
33 0.1825 0.568282 0.0283333 0.0837004
27 0.2225 0.813877 0.0383333 0.0682819
30 0.13 0.705947 0.0266667 0.0814978
15 0.4425 0.575991 0.0216667 0.0814978
25 0.591667 0.214758 0.0566667 0.0947137
12 0.8225 0.461454 0.0216667 0.0991189
11 0.896667 0.338106 0.0233333 0.0859031
11 0.889167 0.340308 0.0183333 0.0814978
14 0.2725 0.689427 0.0183333 0.0792952
27 0.0908333 0.817181 0.025 0.0704846
39 0.260833 0.213656 0.055 0.105727
12 0.798333 0.461454 0.0233333 0.0947137
4 0.8175 0.686123 0.035 0.0991189
34 0.531667 0.46696 0.0266667 0.0969163
26 0.786667 0.21696 0.0466667 0.0947137
24 0.530833 0.809471 0.025 0.0814978
14 0.355 0.696035 0.0233333 0.0837004
25 0.7075 0.214758 0.0283333 0.103524
34 0.59 0.46696 0.0233333 0.0969163
13 0.438333 0.694934 0.0233333 0.0859031
27 0.150833 0.809471 0.0216667 0.0638767
43 0.065 0.813877 0.0233333 0.0682819
37 0.539167 0.342511 0.0316667 0.0947137
40 0.668333 0.34141 0.0266667 0.0969163
14 0.299167 0.699339 0.025 0.0859031
14 0.328333 0.569383 0.0266667 0.0814978
4 0.881667 0.212555 0.0233333 0.103524
18 0.5025 0.465859 0.025 0.0991189
37 0.325833 0.810573 0.0483333 0.0748899
27 0.119167 0.817181 0.025 0.0660793
33 0.115833 0.580396 0.0283333 0.0814978
2 0.085 0.19163 0.0266667 0.136564
11 0.87 0.331498 0.02 0.0814978
11 0.99 0.338106 0.0166667 0.0991189
16 0.248333 0.690529 0.0233333 0.0770925
15 0.3575 0.570485 0.025 0.0837004
24 0.740833 0.468062 0.025 0.0903084
4 0.8425 0.685022 0.035 0.0969163
11 0.800833 0.460352 0.0216667 0.0969163
14 0.3025 0.569383 0.025 0.0770925
28 0.105 0.465859 0.03 0.0947137
1 0.9275 0.210352 0.025 0.10793
31 0.668333 0.812775 0.0266667 0.0792952
24 0.763333 0.577093 0.0266667 0.0837004
22 0.446667 0.80837 0.03 0.0792952
32 0.620833 0.46696 0.0283333 0.092511
31 0.586667 0.80837 0.0266667 0.0837004
15 0.470833 0.569383 0.0216667 0.0770925
34 0.561667 0.468062 0.0266667 0.0991189
40 0.635833 0.343612 0.0283333 0.0969163
12 0.79 0.798458 0.0233333 0.0903084
28 0.0141667 0.702643 0.025 0.0837004
12 0.816667 0.798458 0.02 0.0947137
12 0.863333 0.795154 0.02 0.092511
18 0.195 0.340308 0.0266667 0.10793
28 0.109167 0.3337 0.0216667 0.0859031
17 0.2725 0.334802 0.0283333 0.0969163
24 0.505 0.80837 0.0266667 0.0837004
32 0.7125 0.468062 0.0283333 0.0903084
15 0.385 0.572687 0.0233333 0.0837004
22 0.471667 0.342511 0.0266667 0.0947137
32 0.119167 0.580396 0.025 0.0814978
31 0.525 0.693833 0.0233333 0.0881057
26 0.704167 0.21696 0.025 0.0947137
15 0.413333 0.571586 0.0233333 0.0814978
20 0.09 0.816079 0.0233333 0.0726872
32 0.650833 0.46696 0.0283333 0.092511
11 0.9075 0.339207 0.0183333 0.092511
24 0.735833 0.577093 0.025 0.0837004
26 0.799167 0.214758 0.025 0.10793
28 0.015 0.557269 0.02 0.0660793
32 0.146667 0.580396 0.0266667 0.0859031
33 0.105833 0.470264 0.0283333 0.0947137
4 0.828333 0.213656 0.0233333 0.105727
26 0.738333 0.21696 0.03 0.0947137
14 0.328333 0.696035 0.0233333 0.0837004
18 0.4125 0.460352 0.025 0.101322
4 0.829167 0.680617 0.0183333 0.0881057
27 0.178333 0.813877 0.0266667 0.0682819
18 0.381667 0.45815 0.0266667 0.101322
4 0.8575 0.212555 0.025 0.103524
28 0.0733333 0.702643 0.0266667 0.0748899
26 0.771667 0.215859 0.0266667 0.105727
22 0.378333 0.339207 0.0266667 0.101322
32 0.180833 0.573789 0.025 0.0859031
31 0.551667 0.682819 0.0233333 0.0881057
33 0.725 0.814978 0.03 0.0792952
18 0.203333 0.464758 0.03 0.0969163
17 0.245833 0.331498 0.025 0.0947137
24 0.5575 0.802863 0.025 0.0770925
18 0.471667 0.462555 0.0266667 0.101322
18 0.441667 0.461454 0.0266667 0.0991189
28 0.045 0.703744 0.0266667 0.0770925
33 0.0566667 0.580396 0.0266667 0.0770925
31 0.614167 0.811674 0.0216667 0.0770925
33 0.699167 0.813877 0.025 0.0770925
31 0.638333 0.799559 0.02 0.0660793
1 0.976667 0.207048 0.0233333 0.110132
37 0.508333 0.342511 0.0266667 0.103524
27 0.255833 0.811674 0.025 0.0726872
18 0.261667 0.464758 0.0266667 0.101322
27 0.2025 0.814978 0.025 0.0704846
25 0.570833 0.21696 0.0216667 0.0991189
21 0.3775 0.212555 0.025 0.10793
39 0.309167 0.211454 0.0283333 0.105727
37 0.286667 0.810573 0.0233333 0.0704846
17 0.195833 0.334802 0.0283333 0.105727
39 0.335833 0.211454 0.025 0.105727
4 0.8 0.690529 0.0266667 0.103524
32 0.68 0.468062 0.03 0.0903084
33 0.170833 0.464758 0.0283333 0.0969163
18 0.350833 0.461454 0.0283333 0.10793
37 0.605 0.686123 0.0233333 0.0814978
21 0.4725 0.214758 0.025 0.0991189
28 0.0733333 0.344714 0.0266667 0.0903084
37 0.340833 0.813877 0.025 0.0770925
39 0.176667 0.211454 0.0266667 0.101322
37 0.579167 0.682819 0.0216667 0.0837004
37 0.633333 0.683921 0.02 0.0814978
25 0.671667 0.215859 0.03 0.0969163
37 0.3125 0.812775 0.025 0.0748899
11 0.966667 0.342511 0.0266667 0.103524
33 0.136667 0.468062 0.0266667 0.0947137
28 0.0758333 0.46696 0.025 0.0969163
25 0.6075 0.21696 0.0283333 0.103524
22 0.439167 0.339207 0.025 0.0969163
39 0.2075 0.214758 0.0283333 0.0947137
28 0.0175 0.471366 0.0283333 0.0881057
22 0.41 0.337004 0.0266667 0.101322
39 0.243333 0.213656 0.0266667 0.0969163
11 0.931667 0.343612 0.0233333 0.101322
37 0.368333 0.812775 0.0266667 0.0792952
11 0.800833 0.34141 0.025 0.0969163
21 0.440833 0.212555 0.0316667 0.103524
11 0.83 0.342511 0.03 0.0947137
39 0.275 0.211454 0.0266667 0.105727
28 0.0241667 0.35022 0.0283333 0.092511
28 0.045 0.465859 0.03 0.0991189
25 0.640833 0.218062 0.0283333 0.101322
21 0.408333 0.214758 0.03 0.103524
