11 0.803333 0.784141 0.02 0.0792952
30 0.185833 0.702643 0.025 0.0792952
33 0.124167 0.468062 0.0516667 0.0903084
32 0.5625 0.579295 0.025 0.0837004
37 0.575 0.344714 0.0266667 0.0991189
24 0.00666667 0.579295 0.0133333 0.0792952
24 0.793333 0.572687 0.02 0.0792952
21 0.4025 0.213656 0.0616667 0.101322
18 0.591667 0.465859 0.0266667 0.0991189
28 0.0166667 0.584802 0.03 0.0682819
14 0.2425 0.699339 0.025 0.0726872
32 0.6675 0.464758 0.0616667 0.0881057
27 0.0925 0.816079 0.025 0.0682819
22 0.450833 0.80837 0.025 0.0837004
33 0.503333 0.577093 0.0266667 0.0881057
33 0.166667 0.571586 0.0366667 0.0770925
28 0.0591667 0.46696 0.065 0.092511
12 0.9125 0.792952 0.0216667 0.0881057
6 0.9125 0.79185 0.0216667 0.0991189
10 0.985 0.460352 0.02 0.092511
11 0.950833 0.670705 0.0216667 0.0903084
37 0.478333 0.807269 0.0266667 0.0859031
43 0.0141667 0.814978 0.025 0.061674
27 0.223333 0.813877 0.04 0.0682819
11 0.925833 0.679515 0.0216667 0.0947137
14 0.270833 0.698238 0.025 0.0792952
12 0.828333 0.461454 0.02 0.0947137
25 0.590833 0.213656 0.0583333 0.092511
18 0.5625 0.464758 0.0283333 0.101322
34 0.590833 0.465859 0.0283333 0.0991189
32 0.649167 0.577093 0.0216667 0.0881057
37 0.625 0.694934 0.0433333 0.0726872
27 0.241667 0.812775 0.0433333 0.0704846
25 0.740833 0.215859 0.025 0.0969163
1 0.984167 0.20815 0.0216667 0.103524
37 0.299167 0.812775 0.0516667 0.0748899
4 0.905833 0.212555 0.025 0.103524
40 0.67 0.34141 0.0266667 0.0969163
15 0.275 0.569383 0.03 0.0682819
37 0.5975 0.697137 0.0483333 0.0859031
37 0.328333 0.809471 0.05 0.0682819
4 0.815 0.681718 0.0233333 0.0903084
32 0.621667 0.578194 0.0233333 0.0859031
16 0.216667 0.698238 0.0266667 0.0748899
11 0.936667 0.344714 0.0466667 0.0947137
32 0.621667 0.46696 0.0266667 0.092511
4 0.841667 0.680617 0.0366667 0.101322
18 0.504167 0.457048 0.025 0.0991189
32 0.715833 0.469163 0.0283333 0.0881057
32 0.654167 0.46696 0.0283333 0.092511
8 0.896667 0.682819 0.0233333 0.0969163
1 0.975 0.205947 0.0266667 0.112335
34 0.563333 0.468062 0.0266667 0.0991189
24 0.755833 0.699339 0.025 0.0814978
16 0.2425 0.697137 0.025 0.0770925
28 0.0741667 0.702643 0.0283333 0.0792952
40 0.6375 0.343612 0.0283333 0.0969163
28 0.734167 0.580396 0.025 0.0859031
14 0.300833 0.698238 0.025 0.0837004
37 0.543333 0.344714 0.0266667 0.0991189
27 0.12 0.811674 0.0233333 0.0682819
11 0.783333 0.78304 0.02 0.0814978
15 0.388333 0.570485 0.0233333 0.0792952
28 0.755833 0.697137 0.025 0.0814978
2 0.0875 0.19163 0.025 0.140969
28 0.761667 0.581498 0.0266667 0.0837004
31 0.5 0.694934 0.0233333 0.0859031
11 0.85 0.784141 0.02 0.0881057
14 0.325 0.577093 0.0266667 0.0837004
15 0.245833 0.570485 0.025 0.0792952
31 0.516667 0.697137 0.0366667 0.0859031
32 0.683333 0.46696 0.0266667 0.092511
11 0.9875 0.676211 0.0183333 0.101322
28 0.06 0.581498 0.0233333 0.0792952
4 0.829167 0.215859 0.0216667 0.101322
28 0.0208333 0.707048 0.0283333 0.0792952
33 0.0608333 0.580396 0.025 0.0770925
18 0.53 0.45815 0.0233333 0.0969163
18 0.324167 0.454846 0.0283333 0.0991189
17 0.325 0.457048 0.0266667 0.0991189
20 0.0933333 0.814978 0.0233333 0.0704846
2 0.0541667 0.187225 0.025 0.136564
27 0.146667 0.813877 0.0266667 0.0726872
2 0.0266667 0.185022 0.0233333 0.145374
18 0.383333 0.460352 0.0266667 0.101322
11 0.873333 0.785242 0.0166667 0.0859031
28 0.00916667 0.343612 0.0183333 0.092511
31 0.589167 0.809471 0.025 0.0770925
15 0.324167 0.578194 0.0283333 0.0814978
31 0.619167 0.810573 0.0216667 0.0704846
24 0.531667 0.80837 0.0233333 0.0837004
26 0.801667 0.215859 0.0266667 0.0969163
24 0.505 0.789648 0.0233333 0.0814978
26 0.74 0.21696 0.0266667 0.0947137
15 0.411667 0.578194 0.0233333 0.0770925
11 0.983333 0.343612 0.0266667 0.0969163
31 0.6425 0.812775 0.0216667 0.0704846
32 0.185 0.570485 0.0266667 0.0837004
15 0.44 0.57489 0.0266667 0.0837004
2 0.144167 0.187225 0.025 0.145374
21 0.3525 0.215859 0.0216667 0.0969163
11 0.804167 0.343612 0.0216667 0.092511
26 0.773333 0.214758 0.0266667 0.0991189
18 0.233333 0.462555 0.03 0.101322
18 0.263333 0.460352 0.03 0.101322
24 0.734167 0.578194 0.025 0.0859031
28 0.0458333 0.704846 0.025 0.0748899
4 0.803333 0.681718 0.0233333 0.0947137
25 0.7075 0.21696 0.0283333 0.0947137
1 0.935833 0.207048 0.025 0.118943
14 0.329167 0.698238 0.025 0.0881057
33 0.724167 0.811674 0.025 0.0726872
4 0.881667 0.212555 0.02 0.103524
17 0.293333 0.460352 0.0266667 0.101322
24 0.763333 0.580396 0.0266667 0.0859031
32 0.1575 0.570485 0.025 0.0837004
31 0.5275 0.694934 0.025 0.0859031
28 0.108333 0.468062 0.03 0.0947137
18 0.195 0.335903 0.0266667 0.10793
28 0.00666667 0.579295 0.0133333 0.0792952
4 0.856667 0.210352 0.0233333 0.103524
18 0.473333 0.460352 0.0266667 0.101322
18 0.354167 0.460352 0.025 0.101322
32 0.12 0.579295 0.0266667 0.0837004
15 0.470833 0.575991 0.025 0.0814978
27 0.175833 0.813877 0.025 0.0682819
21 0.3775 0.213656 0.025 0.0969163
33 0.698333 0.810573 0.0233333 0.0748899
28 0.0783333 0.468062 0.0266667 0.0947137
31 0.554167 0.693833 0.0216667 0.0837004
27 0.2025 0.812775 0.025 0.0704846
11 0.954167 0.342511 0.025 0.0991189
18 0.415 0.461454 0.0266667 0.103524
15 0.295833 0.578194 0.0283333 0.0770925
18 0.293333 0.461454 0.03 0.103524
27 0.258333 0.811674 0.0233333 0.0726872
37 0.5125 0.343612 0.0283333 0.092511
33 0.119167 0.582599 0.025 0.0814978
22 0.3775 0.342511 0.0283333 0.103524
33 0.0891667 0.582599 0.025 0.0770925
11 0.926667 0.34141 0.0233333 0.092511
22 0.474167 0.342511 0.025 0.0947137
18 0.444167 0.460352 0.0283333 0.0969163
4 0.781667 0.685022 0.02 0.092511
37 0.635833 0.689427 0.0183333 0.0748899
18 0.203333 0.460352 0.0266667 0.101322
33 0.171667 0.463656 0.03 0.0947137
37 0.611667 0.697137 0.0233333 0.0859031
25 0.57 0.21696 0.0233333 0.103524
37 0.583333 0.694934 0.0233333 0.0814978
4 0.83 0.679515 0.02 0.0859031
21 0.474167 0.213656 0.025 0.101322
25 0.668333 0.21696 0.03 0.0903084
28 0.0283333 0.580396 0.0266667 0.0770925
17 0.196667 0.3337 0.0266667 0.112335
37 0.288333 0.80837 0.0233333 0.0748899
28 0.130833 0.3337 0.0216667 0.0903084
21 0.4425 0.212555 0.035 0.103524
39 0.1775 0.210352 0.0283333 0.0991189
22 0.444167 0.337004 0.025 0.0969163
37 0.341667 0.813877 0.0233333 0.0770925
37 0.314167 0.812775 0.025 0.0748899
39 0.243333 0.212555 0.0266667 0.0991189
28 0.0183333 0.465859 0.0266667 0.0903084
11 0.830833 0.343612 0.025 0.092511
39 0.21 0.210352 0.03 0.0991189
28 0.0466667 0.465859 0.03 0.0947137
28 0.0608333 0.345815 0.0283333 0.092511
39 0.310833 0.211454 0.0283333 0.110132
11 0.8725 0.342511 0.025 0.0903084
33 0.14 0.46696 0.0266667 0.092511
37 0.368333 0.812775 0.0266667 0.0792952
22 0.413333 0.342511 0.0266667 0.103524
25 0.64 0.21696 0.0266667 0.0991189
11 0.9025 0.342511 0.0216667 0.0947137
28 0.0283333 0.348018 0.0266667 0.092511
25 0.605833 0.21696 0.0283333 0.103524
21 0.409167 0.213656 0.0283333 0.101322
