15 0.401667 0.569383 0.05 0.0859031
14 0.2425 0.699339 0.025 0.0726872
32 0.6675 0.469163 0.055 0.0837004
28 0.0583333 0.469163 0.0633333 0.092511
15 0.2775 0.568282 0.0316667 0.0704846
18 0.505833 0.455947 0.0283333 0.092511
33 0.590833 0.577093 0.0216667 0.0792952
31 0.6275 0.806167 0.035 0.0704846
25 0.739167 0.215859 0.025 0.105727
26 0.755833 0.21696 0.055 0.0991189
4 0.815 0.680617 0.0366667 0.105727
27 0.0916667 0.816079 0.0266667 0.0682819
28 0.753333 0.699339 0.0233333 0.0859031
13 0.444167 0.680617 0.0216667 0.0792952
12 0.795833 0.797357 0.0216667 0.101322
14 0.270833 0.699339 0.025 0.0814978
24 0.745833 0.581498 0.0516667 0.0837004
25 0.59 0.213656 0.0566667 0.092511
24 0.745833 0.465859 0.025 0.0859031
28 0.00833333 0.573789 0.0133333 0.0770925
27 0.223333 0.813877 0.04 0.0682819
27 0.240833 0.813877 0.045 0.0682819
43 0.0133333 0.814978 0.0266667 0.061674
30 0.183333 0.702643 0.0266667 0.0792952
18 0.206667 0.459251 0.0233333 0.0991189
16 0.215833 0.698238 0.025 0.0748899
31 0.5 0.694934 0.0233333 0.0814978
37 0.328333 0.809471 0.05 0.0682819
25 0.71 0.215859 0.0266667 0.101322
12 0.8275 0.460352 0.0216667 0.101322
4 0.841667 0.678414 0.0366667 0.105727
28 0.0741667 0.703744 0.0283333 0.0770925
36 0.6725 0.571586 0.0183333 0.0859031
24 0.754167 0.697137 0.025 0.0859031
28 0.734167 0.580396 0.025 0.0859031
22 0.451667 0.80837 0.0266667 0.0837004
15 0.474167 0.552863 0.0216667 0.0748899
12 0.888333 0.795154 0.02 0.0969163
6 0.935833 0.792952 0.0216667 0.105727
28 0.761667 0.582599 0.0266667 0.0859031
18 0.260833 0.329295 0.025 0.0947137
17 0.275833 0.329295 0.045 0.0947137
18 0.324167 0.455947 0.0283333 0.0969163
14 0.300833 0.698238 0.025 0.0837004
11 0.9275 0.669604 0.0183333 0.0969163
28 0.0158333 0.702643 0.0283333 0.0792952
37 0.543333 0.343612 0.0266667 0.0969163
17 0.324167 0.45815 0.025 0.0969163
1 0.93 0.204846 0.03 0.118943
16 0.2425 0.699339 0.025 0.0770925
4 0.824167 0.557269 0.0216667 0.0881057
18 0.528333 0.455947 0.0233333 0.0881057
14 0.324167 0.575991 0.025 0.0859031
10 0.964167 0.459251 0.0216667 0.103524
28 0.0108333 0.344714 0.0216667 0.0903084
2 0.0283333 0.188326 0.0266667 0.143172
33 0.109167 0.46696 0.0283333 0.092511
15 0.245 0.568282 0.0233333 0.0792952
11 0.95 0.670705 0.0233333 0.0947137
34 0.53 0.455947 0.0233333 0.0881057
12 0.819167 0.797357 0.0183333 0.0969163
4 0.900833 0.212555 0.0183333 0.0991189
34 0.555 0.452643 0.0233333 0.0903084
27 0.12 0.812775 0.0233333 0.0660793
28 0.108333 0.469163 0.03 0.092511
2 0.0866667 0.186123 0.0266667 0.134361
15 0.323333 0.575991 0.0266667 0.0814978
31 0.665833 0.814978 0.0216667 0.0704846
28 0.0608333 0.580396 0.025 0.0814978
32 0.201667 0.561674 0.02 0.0748899
33 0.0608333 0.580396 0.025 0.0814978
24 0.504167 0.790749 0.0216667 0.0792952
18 0.3875 0.461454 0.035 0.0947137
32 0.715833 0.470264 0.0283333 0.0859031
20 0.0925 0.814978 0.0216667 0.0704846
39 0.3525 0.21696 0.0216667 0.0947137
24 0.763333 0.580396 0.0266667 0.0859031
18 0.235 0.462555 0.0266667 0.101322
28 0.0775 0.470264 0.025 0.0903084
24 0.735 0.579295 0.0233333 0.0837004
1 0.983333 0.205947 0.0233333 0.125551
24 0.531667 0.80837 0.0233333 0.0837004
40 0.668333 0.34141 0.0266667 0.0969163
1 0.953333 0.201542 0.03 0.129956
15 0.444167 0.572687 0.025 0.0881057
18 0.263333 0.461454 0.03 0.0991189
21 0.3525 0.215859 0.0216667 0.0969163
14 0.329167 0.699339 0.025 0.0859031
17 0.293333 0.461454 0.0266667 0.0991189
17 0.256667 0.330396 0.0333333 0.092511
12 0.866667 0.796256 0.02 0.0947137
26 0.738333 0.21696 0.0266667 0.0947137
27 0.146667 0.814978 0.0266667 0.0704846
4 0.981667 0.669604 0.0233333 0.092511
2 0.143333 0.186123 0.0233333 0.147577
24 0.0291667 0.581498 0.025 0.0748899
17 0.289167 0.329295 0.0216667 0.0991189
28 0.0458333 0.704846 0.025 0.0748899
40 0.6375 0.342511 0.0283333 0.0947137
15 0.388333 0.571586 0.0233333 0.0814978
4 0.855833 0.209251 0.025 0.110132
4 0.829167 0.214758 0.0216667 0.103524
18 0.473333 0.455947 0.0266667 0.101322
33 0.183333 0.455947 0.0233333 0.0837004
31 0.5275 0.693833 0.025 0.0837004
32 0.140833 0.561674 0.025 0.0792952
26 0.801667 0.21696 0.0266667 0.0991189
18 0.353333 0.460352 0.0266667 0.101322
33 0.725833 0.811674 0.0183333 0.0726872
15 0.414167 0.570485 0.0216667 0.0837004
15 0.295 0.577093 0.0266667 0.0792952
27 0.176667 0.813877 0.0266667 0.0682819
33 0.0891667 0.581498 0.0283333 0.0792952
32 0.654167 0.468062 0.025 0.0903084
11 0.926667 0.339207 0.0233333 0.101322
4 0.88 0.212555 0.02 0.103524
21 0.3775 0.214758 0.025 0.0991189
18 0.293333 0.462555 0.03 0.101322
27 0.2025 0.812775 0.025 0.0704846
27 0.258333 0.811674 0.0233333 0.0726872
31 0.640833 0.803965 0.0216667 0.0748899
22 0.474167 0.342511 0.025 0.0947137
25 0.57 0.21696 0.0233333 0.0991189
37 0.513333 0.343612 0.0266667 0.092511
32 0.623333 0.46696 0.0233333 0.0881057
18 0.415 0.461454 0.0266667 0.103524
26 0.7725 0.219163 0.025 0.0991189
31 0.588333 0.807269 0.0266667 0.0814978
25 0.6675 0.21696 0.0283333 0.0903084
4 0.804167 0.681718 0.0216667 0.0991189
33 0.14 0.569383 0.0233333 0.0726872
32 0.684167 0.468062 0.025 0.0903084
11 0.804167 0.34141 0.0216667 0.0969163
18 0.443333 0.45815 0.0266667 0.0969163
22 0.3775 0.342511 0.0283333 0.103524
4 0.829167 0.678414 0.0183333 0.092511
31 0.5525 0.692731 0.0216667 0.0859031
37 0.5825 0.694934 0.0216667 0.0814978
21 0.473333 0.214758 0.0266667 0.0991189
31 0.615 0.812775 0.02 0.0748899
4 0.780833 0.683921 0.0183333 0.0947137
28 0.0291667 0.580396 0.025 0.0770925
37 0.288333 0.809471 0.0233333 0.0726872
22 0.444167 0.337004 0.025 0.0969163
11 0.951667 0.339207 0.0233333 0.105727
37 0.6075 0.685022 0.0183333 0.0748899
18 0.530833 0.572687 0.025 0.092511
39 0.1775 0.211454 0.0283333 0.101322
37 0.341667 0.813877 0.0233333 0.0770925
37 0.314167 0.812775 0.025 0.0748899
28 0.1325 0.334802 0.0216667 0.0837004
11 0.978333 0.340308 0.0233333 0.103524
28 0.0183333 0.465859 0.0266667 0.0859031
21 0.441667 0.212555 0.0333333 0.103524
28 0.0616667 0.345815 0.03 0.092511
28 0.0475 0.46696 0.0283333 0.092511
33 0.140833 0.469163 0.0283333 0.0881057
25 0.64 0.21696 0.0266667 0.0947137
39 0.21 0.211454 0.03 0.101322
18 0.505833 0.572687 0.025 0.092511
37 0.368333 0.812775 0.0266667 0.0792952
22 0.413333 0.342511 0.0266667 0.103524
39 0.243333 0.212555 0.0266667 0.0991189
25 0.605833 0.21696 0.0283333 0.0991189
11 0.873333 0.340308 0.0233333 0.0947137
39 0.310833 0.211454 0.0283333 0.110132
11 0.831667 0.342511 0.0266667 0.0991189
28 0.0291667 0.35022 0.0283333 0.092511
11 0.901667 0.340308 0.02 0.0991189
21 0.409167 0.214758 0.0283333 0.103524
