16 0.243333 0.697137 0.03 0.0770925
10 0.911667 0.459251 0.0233333 0.0903084
18 0.365 0.462555 0.06 0.105727
12 0.84 0.800661 0.02 0.0859031
37 0.299167 0.813877 0.0516667 0.0770925
32 0.118333 0.580396 0.0266667 0.0814978
33 0.0575 0.580396 0.025 0.0814978
33 0.7125 0.465859 0.025 0.0903084
24 0.5175 0.813877 0.0516667 0.0814978
27 0.241667 0.813877 0.05 0.0682819
39 0.3225 0.207048 0.0616667 0.105727
14 0.268333 0.694934 0.0266667 0.0814978
22 0.3425 0.339207 0.0283333 0.110132
31 0.466667 0.690529 0.0266667 0.0903084
13 0.438333 0.694934 0.0233333 0.0859031
21 0.3575 0.20815 0.0616667 0.103524
1 0.9375 0.207048 0.0483333 0.114537
32 0.674167 0.580396 0.025 0.0859031
8 0.859167 0.688326 0.0416667 0.0991189
6 0.933333 0.795154 0.02 0.092511
18 0.5 0.464758 0.0333333 0.0969163
36 0.674167 0.580396 0.0283333 0.0903084
10 0.984167 0.462555 0.0216667 0.0969163
37 0.354167 0.812775 0.0483333 0.0792952
12 0.816667 0.802863 0.02 0.0814978
24 0.703333 0.580396 0.0233333 0.0859031
41 0.606667 0.342511 0.0266667 0.0947137
31 0.498333 0.694934 0.0266667 0.0947137
2 0.0108333 0.183921 0.0183333 0.147577
4 0.898333 0.214758 0.02 0.0991189
2 0.0275 0.186123 0.025 0.143172
2 0.1125 0.182819 0.025 0.136564
34 0.589167 0.46696 0.025 0.092511
34 0.503333 0.465859 0.0233333 0.0991189
27 0.09 0.816079 0.0233333 0.0682819
32 0.588333 0.575991 0.0266667 0.0903084
33 0.113333 0.581498 0.03 0.0837004
10 0.9375 0.461454 0.025 0.0903084
32 0.5625 0.579295 0.025 0.0837004
37 0.325 0.809471 0.0533333 0.0682819
16 0.214167 0.700441 0.0216667 0.0792952
34 0.53 0.46696 0.0266667 0.0969163
14 0.299167 0.697137 0.025 0.0859031
2 0.0541667 0.183921 0.025 0.143172
32 0.1725 0.582599 0.025 0.0859031
33 0.769167 0.798458 0.025 0.0814978
37 0.5725 0.343612 0.0283333 0.101322
18 0.245 0.338106 0.03 0.11674
25 0.77 0.215859 0.0266667 0.101322
11 0.8 0.460352 0.02 0.092511
17 0.283333 0.340308 0.0266667 0.103524
43 0.065 0.811674 0.0233333 0.0638767
27 0.148333 0.807269 0.0233333 0.0682819
14 0.295 0.580396 0.0266667 0.0726872
14 0.355 0.696035 0.0233333 0.0837004
18 0.233333 0.462555 0.0266667 0.0969163
27 0.224167 0.811674 0.035 0.0682819
2 0.0841667 0.185022 0.025 0.136564
28 0.055 0.580396 0.0233333 0.0814978
13 0.410833 0.693833 0.0283333 0.0837004
11 0.969167 0.344714 0.025 0.0947137
12 0.799167 0.463656 0.0216667 0.0903084
4 0.843333 0.685022 0.0333333 0.092511
33 0.170833 0.580396 0.025 0.0859031
24 0.740833 0.468062 0.025 0.0903084
24 0.530833 0.80837 0.025 0.0837004
15 0.3225 0.578194 0.025 0.0814978
25 0.7075 0.213656 0.025 0.105727
1 0.965 0.207048 0.0466667 0.105727
31 0.593333 0.80837 0.0366667 0.0748899
27 0.119167 0.812775 0.025 0.0704846
12 0.8625 0.798458 0.0216667 0.0859031
15 0.295833 0.579295 0.025 0.0792952
15 0.3825 0.57489 0.025 0.0792952
28 0.0725 0.703744 0.025 0.0770925
40 0.668333 0.34141 0.0266667 0.0969163
12 0.824167 0.462555 0.0216667 0.0969163
28 0.105833 0.465859 0.0283333 0.0947137
34 0.561667 0.469163 0.0266667 0.0969163
24 0.0266667 0.581498 0.0233333 0.0748899
15 0.441667 0.57489 0.0266667 0.0881057
32 0.620833 0.465859 0.0283333 0.0903084
32 0.1425 0.580396 0.025 0.0859031
4 0.816667 0.681718 0.02 0.0859031
32 0.7125 0.46696 0.0283333 0.0881057
4 0.855 0.213656 0.0233333 0.0969163
33 0.0858333 0.580396 0.025 0.0814978
28 0.0141667 0.701542 0.025 0.0814978
22 0.471667 0.342511 0.0266667 0.0991189
18 0.185833 0.338106 0.025 0.112335
14 0.320833 0.579295 0.025 0.0792952
24 0.504167 0.807269 0.025 0.0814978
28 0.0441667 0.703744 0.025 0.0770925
31 0.554167 0.69163 0.025 0.0881057
20 0.0908333 0.814978 0.0216667 0.0704846
4 0.83 0.681718 0.0166667 0.0814978
27 0.179167 0.811674 0.0316667 0.0682819
31 0.616667 0.810573 0.02 0.0748899
31 0.525833 0.692731 0.025 0.0903084
32 0.650833 0.46696 0.0283333 0.092511
15 0.410833 0.577093 0.025 0.0837004
37 0.54 0.34141 0.03 0.0969163
40 0.636667 0.342511 0.0266667 0.0947137
4 0.875833 0.212555 0.0216667 0.0947137
24 0.763333 0.577093 0.0266667 0.0837004
26 0.705 0.215859 0.0233333 0.0969163
15 0.471667 0.568282 0.0233333 0.0837004
26 0.799167 0.215859 0.025 0.101322
26 0.770833 0.21696 0.025 0.103524
18 0.471667 0.461454 0.0266667 0.0991189
22 0.448333 0.807269 0.0266667 0.0814978
15 0.351667 0.577093 0.0266667 0.0792952
22 0.374167 0.34141 0.0283333 0.101322
18 0.381667 0.459251 0.0266667 0.0991189
26 0.738333 0.21696 0.03 0.0947137
1 0.980833 0.20815 0.025 0.112335
33 0.106667 0.468062 0.03 0.0947137
33 0.724167 0.812775 0.025 0.0748899
14 0.326667 0.694934 0.0233333 0.0859031
18 0.263333 0.459251 0.0266667 0.0991189
24 0.735 0.577093 0.0233333 0.0837004
18 0.215 0.339207 0.0266667 0.110132
18 0.4125 0.461454 0.025 0.0991189
4 0.826667 0.213656 0.0233333 0.101322
39 0.338333 0.210352 0.03 0.0991189
27 0.201667 0.810573 0.0233333 0.0704846
11 0.949167 0.343612 0.025 0.092511
18 0.204167 0.464758 0.0316667 0.092511
27 0.255 0.811674 0.0233333 0.0682819
4 0.804167 0.687225 0.025 0.0969163
31 0.668333 0.809471 0.0266667 0.0770925
37 0.510833 0.343612 0.0283333 0.101322
18 0.441667 0.460352 0.0266667 0.0969163
4 0.7775 0.690529 0.0216667 0.0947137
31 0.641667 0.809471 0.0233333 0.0814978
17 0.245833 0.337004 0.0283333 0.105727
24 0.558333 0.809471 0.0266667 0.0814978
17 0.184167 0.339207 0.025 0.105727
28 0.0258333 0.580396 0.025 0.0770925
33 0.17 0.465859 0.0266667 0.0947137
22 0.409167 0.339207 0.025 0.101322
33 0.699167 0.810573 0.025 0.0792952
25 0.570833 0.215859 0.0216667 0.0969163
39 0.176667 0.20815 0.03 0.0991189
39 0.308333 0.211454 0.0266667 0.105727
18 0.35 0.460352 0.0266667 0.105727
17 0.213333 0.335903 0.0266667 0.10793
32 0.681667 0.468062 0.03 0.0903084
37 0.286667 0.810573 0.0233333 0.0704846
28 0.075 0.468062 0.0266667 0.0947137
22 0.438333 0.34141 0.0266667 0.101322
21 0.373333 0.210352 0.0266667 0.10793
28 0.0575 0.343612 0.0283333 0.092511
11 0.829167 0.34141 0.0283333 0.092511
37 0.580833 0.694934 0.025 0.0903084
37 0.339167 0.813877 0.025 0.0770925
11 0.8 0.340308 0.0233333 0.0947137
28 0.0175 0.470264 0.0283333 0.0903084
25 0.6075 0.214758 0.0283333 0.103524
33 0.136667 0.46696 0.0266667 0.092511
39 0.275833 0.210352 0.0283333 0.10793
37 0.3125 0.812775 0.025 0.0748899
37 0.610833 0.693833 0.0283333 0.092511
25 0.671667 0.215859 0.03 0.101322
28 0.0441667 0.465859 0.0283333 0.0947137
37 0.366667 0.80837 0.0266667 0.0792952
21 0.4725 0.213656 0.0283333 0.101322
37 0.6375 0.692731 0.025 0.0859031
39 0.2075 0.210352 0.0283333 0.0991189
28 0.0225 0.346916 0.0283333 0.0947137
39 0.243333 0.211454 0.0266667 0.101322
21 0.406667 0.211454 0.03 0.110132
21 0.44 0.210352 0.03 0.10793
25 0.640833 0.21696 0.0283333 0.103524
