37 0.573333 0.345815 0.0266667 0.0969163
20 0.145833 0.813877 0.025 0.0726872
28 0.0558333 0.46696 0.065 0.0881057
8 0.9025 0.689427 0.035 0.0969163
2 0.110833 0.185022 0.035 0.140969
27 0.243333 0.811674 0.0466667 0.0682819
24 0.789167 0.464758 0.045 0.0837004
30 0.13 0.702643 0.0266667 0.0792952
14 0.355 0.697137 0.0233333 0.0814978
21 0.355 0.20815 0.0633333 0.103524
27 0.0908333 0.816079 0.025 0.0682819
8 0.86 0.69163 0.04 0.0969163
32 0.674167 0.580396 0.025 0.0859031
10 0.895 0.459251 0.0233333 0.0947137
14 0.294167 0.579295 0.025 0.0837004
32 0.666667 0.46696 0.0566667 0.0881057
18 0.4975 0.465859 0.035 0.0947137
11 0.9875 0.678414 0.0183333 0.092511
37 0.624167 0.698238 0.0483333 0.0881057
6 0.935 0.797357 0.02 0.092511
4 0.838333 0.571586 0.0233333 0.0770925
24 0.748333 0.579295 0.05 0.0792952
28 0.743333 0.46696 0.03 0.0881057
32 0.590833 0.468062 0.025 0.0903084
11 0.813333 0.340308 0.0166667 0.0991189
32 0.714167 0.46696 0.025 0.092511
10 0.960833 0.571586 0.0316667 0.0814978
32 0.1775 0.577093 0.025 0.0837004
11 0.970833 0.683921 0.0216667 0.0903084
28 0.7775 0.46696 0.025 0.0881057
24 0.755 0.698238 0.0233333 0.0792952
26 0.755833 0.21696 0.0583333 0.0947137
4 0.814167 0.570485 0.0183333 0.0792952
19 0.285 0.34141 0.0266667 0.105727
16 0.243333 0.697137 0.0266667 0.0770925
40 0.668333 0.348018 0.0266667 0.092511
25 0.5575 0.213656 0.0616667 0.0969163
25 0.771667 0.21696 0.0266667 0.0991189
6 0.984167 0.796256 0.0216667 0.0859031
22 0.373333 0.343612 0.0366667 0.101322
32 0.620833 0.578194 0.025 0.0859031
12 0.828333 0.461454 0.02 0.0947137
24 0.793333 0.573789 0.02 0.0770925
31 0.499167 0.697137 0.025 0.0947137
17 0.323333 0.462555 0.0266667 0.0969163
18 0.323333 0.461454 0.03 0.0991189
4 0.8025 0.680617 0.0216667 0.0881057
4 0.8425 0.686123 0.035 0.0903084
11 0.9375 0.345815 0.0483333 0.0969163
28 0.015 0.702643 0.0266667 0.0837004
27 0.12 0.812775 0.0233333 0.0704846
26 0.7875 0.218062 0.0516667 0.0969163
34 0.589167 0.468062 0.0283333 0.0991189
28 0.7625 0.580396 0.0283333 0.0859031
18 0.233333 0.465859 0.0266667 0.0991189
28 0.733333 0.578194 0.0266667 0.0859031
32 0.146667 0.580396 0.0266667 0.0859031
18 0.3825 0.462555 0.0283333 0.101322
40 0.638333 0.345815 0.03 0.092511
32 0.119167 0.580396 0.025 0.0859031
12 0.818333 0.801762 0.02 0.0837004
16 0.216667 0.697137 0.0233333 0.0770925
18 0.195833 0.338106 0.0383333 0.10793
33 0.0883333 0.580396 0.0266667 0.0770925
31 0.5875 0.80837 0.0283333 0.0837004
18 0.2525 0.340308 0.0283333 0.112335
37 0.543333 0.344714 0.0266667 0.0947137
34 0.5025 0.46696 0.0216667 0.0969163
34 0.560833 0.46696 0.025 0.0969163
27 0.145833 0.813877 0.0283333 0.0726872
15 0.3225 0.575991 0.0283333 0.0859031
24 0.00916667 0.581498 0.015 0.0837004
2 0.0858333 0.186123 0.0216667 0.138767
12 0.864167 0.798458 0.0216667 0.0859031
15 0.263333 0.578194 0.0233333 0.0726872
2 0.0241667 0.181718 0.0283333 0.151982
4 0.9025 0.214758 0.0183333 0.0991189
18 0.3525 0.462555 0.0283333 0.101322
28 0.0725 0.701542 0.025 0.0770925
31 0.555833 0.693833 0.025 0.0881057
26 0.704167 0.21696 0.025 0.0947137
18 0.293333 0.462555 0.03 0.0969163
15 0.236667 0.579295 0.0266667 0.0704846
34 0.53 0.468062 0.0266667 0.0947137
25 0.706667 0.215859 0.0266667 0.101322
22 0.446667 0.807269 0.03 0.0814978
14 0.328333 0.696035 0.0233333 0.0837004
13 0.44 0.697137 0.0233333 0.0859031
28 0.754167 0.698238 0.025 0.0881057
18 0.471667 0.462555 0.0266667 0.0969163
14 0.320833 0.577093 0.025 0.0792952
32 0.683333 0.468062 0.0266667 0.0947137
10 0.965 0.463656 0.0233333 0.0947137
32 0.654167 0.46696 0.025 0.092511
2 0.0558333 0.183921 0.025 0.138767
4 0.813333 0.683921 0.02 0.0859031
32 0.6225 0.468062 0.025 0.0947137
22 0.4725 0.344714 0.025 0.0947137
31 0.6175 0.809471 0.0216667 0.0726872
1 0.9375 0.205947 0.0283333 0.121145
18 0.2625 0.464758 0.0283333 0.101322
15 0.380833 0.577093 0.025 0.0748899
24 0.5325 0.806167 0.025 0.0837004
25 0.573333 0.214758 0.0266667 0.103524
2 0.141667 0.183921 0.0233333 0.138767
1 0.979167 0.207048 0.0283333 0.114537
18 0.56 0.581498 0.0233333 0.0881057
28 0.045 0.705947 0.0266667 0.0770925
4 0.83 0.215859 0.02 0.101322
28 0.105833 0.465859 0.0283333 0.0947137
26 0.803333 0.215859 0.0266667 0.101322
27 0.2575 0.809471 0.025 0.0726872
33 0.0591667 0.579295 0.025 0.0792952
17 0.2175 0.335903 0.0316667 0.112335
18 0.414167 0.463656 0.025 0.0991189
25 0.540833 0.213656 0.0283333 0.105727
24 0.745 0.46696 0.0266667 0.0792952
18 0.500833 0.577093 0.025 0.0881057
27 0.2025 0.810573 0.025 0.0704846
15 0.351667 0.580396 0.0266667 0.0726872
24 0.763333 0.579295 0.0266667 0.0881057
4 0.83 0.683921 0.02 0.0814978
20 0.0916667 0.814978 0.0233333 0.0704846
24 0.734167 0.577093 0.025 0.0881057
31 0.669167 0.809471 0.025 0.0726872
33 0.725 0.812775 0.0233333 0.0748899
15 0.440833 0.577093 0.0216667 0.0792952
15 0.293333 0.579295 0.0266667 0.0792952
31 0.524167 0.693833 0.025 0.0881057
4 0.856667 0.213656 0.0233333 0.101322
37 0.5125 0.346916 0.0283333 0.0947137
26 0.7375 0.218062 0.0283333 0.092511
4 0.7825 0.688326 0.0183333 0.0859031
31 0.6425 0.809471 0.025 0.0814978
26 0.773333 0.215859 0.0266667 0.101322
18 0.53 0.575991 0.0266667 0.0859031
15 0.470833 0.577093 0.025 0.0792952
33 0.699167 0.812775 0.025 0.0792952
18 0.441667 0.461454 0.0266667 0.0947137
28 0.075 0.469163 0.0333333 0.0837004
15 0.410833 0.579295 0.025 0.0748899
24 0.504167 0.805066 0.025 0.0814978
11 0.925 0.339207 0.0233333 0.101322
27 0.175833 0.812775 0.025 0.0704846
22 0.4425 0.343612 0.0283333 0.0969163
17 0.251667 0.337004 0.0266667 0.110132
4 0.880833 0.213656 0.0183333 0.101322
18 0.221667 0.339207 0.0266667 0.118943
25 0.5075 0.212555 0.025 0.0991189
17 0.190833 0.339207 0.025 0.110132
33 0.168333 0.46696 0.03 0.092511
24 0.56 0.80837 0.0266667 0.0792952
18 0.204167 0.465859 0.0283333 0.0947137
11 0.835 0.34141 0.0266667 0.0969163
39 0.1775 0.210352 0.0283333 0.0991189
11 0.950833 0.339207 0.025 0.101322
37 0.581667 0.697137 0.0233333 0.0859031
22 0.410833 0.343612 0.025 0.101322
28 0.0183333 0.465859 0.0266667 0.0859031
37 0.2875 0.810573 0.025 0.0704846
37 0.610833 0.694934 0.025 0.0859031
25 0.606667 0.21696 0.03 0.103524
39 0.305833 0.213656 0.0283333 0.0969163
37 0.34 0.812775 0.0233333 0.0748899
37 0.314167 0.812775 0.025 0.0748899
11 0.979167 0.340308 0.025 0.103524
21 0.373333 0.213656 0.0266667 0.105727
25 0.673333 0.215859 0.03 0.101322
39 0.338333 0.211454 0.03 0.101322
39 0.241667 0.210352 0.0266667 0.0991189
37 0.3675 0.810573 0.0283333 0.0792952
21 0.475 0.212555 0.0266667 0.103524
28 0.0458333 0.465859 0.0283333 0.0947137
21 0.440833 0.210352 0.0316667 0.10793
37 0.636667 0.692731 0.02 0.0859031
39 0.2075 0.211454 0.0283333 0.0969163
33 0.138333 0.46696 0.0266667 0.092511
11 0.871667 0.34141 0.0266667 0.092511
28 0.0591667 0.344714 0.0283333 0.0947137
28 0.0258333 0.346916 0.0283333 0.0947137
11 0.900833 0.34141 0.0216667 0.0969163
21 0.408333 0.213656 0.03 0.105727
25 0.640833 0.215859 0.0283333 0.105727
