32 0.633333 0.461454 0.0566667 0.0859031
4 0.83 0.214758 0.0266667 0.0991189
22 0.434167 0.809471 0.0516667 0.0814978
24 0.791667 0.568282 0.0366667 0.0837004
10 0.924167 0.573789 0.0216667 0.0903084
21 0.451667 0.213656 0.02 0.101322
33 0.0225 0.799559 0.0216667 0.0704846
10 0.985 0.462555 0.02 0.0881057
18 0.561667 0.464758 0.0266667 0.0969163
21 0.3625 0.212555 0.0583333 0.103524
15 0.219167 0.570485 0.035 0.0748899
10 0.949167 0.573789 0.0216667 0.0947137
34 0.531667 0.468062 0.0266667 0.0947137
37 0.354167 0.819383 0.0483333 0.0748899
37 0.525 0.345815 0.05 0.092511
2 0.05 0.192731 0.02 0.129956
43 0.0183333 0.707048 0.0233333 0.0792952
16 0.299167 0.696035 0.0283333 0.0837004
24 0.6975 0.806167 0.025 0.0837004
25 0.705833 0.21696 0.025 0.103524
6 0.8525 0.689427 0.0283333 0.092511
11 0.855 0.344714 0.0433333 0.0859031
2 0.13 0.193833 0.0233333 0.145374
16 0.244167 0.700441 0.035 0.0792952
24 0.0158333 0.579295 0.0216667 0.0748899
18 0.255 0.338106 0.0266667 0.103524
24 0.106667 0.46696 0.0266667 0.092511
18 0.191667 0.343612 0.0266667 0.105727
25 0.5225 0.215859 0.0583333 0.0969163
10 0.913333 0.462555 0.0233333 0.0881057
33 0.125833 0.462555 0.065 0.0881057
25 0.554167 0.21696 0.0616667 0.0947137
6 0.826667 0.780837 0.0266667 0.0682819
4 0.855 0.214758 0.04 0.0903084
14 0.3 0.571586 0.0266667 0.0859031
40 0.669167 0.346916 0.0283333 0.0947137
24 0.775 0.465859 0.0266667 0.0859031
14 0.356667 0.570485 0.0266667 0.0748899
33 0.105833 0.581498 0.0483333 0.0837004
4 0.886667 0.212555 0.02 0.103524
15 0.3575 0.570485 0.025 0.0792952
28 0.0166667 0.701542 0.0266667 0.0814978
22 0.335 0.34141 0.0266667 0.110132
10 0.96 0.570485 0.0333333 0.0837004
33 0.136667 0.5837 0.0533333 0.0748899
13 0.411667 0.694934 0.0233333 0.0859031
26 0.7325 0.220264 0.0283333 0.101322
25 0.59 0.213656 0.06 0.0969163
32 0.618333 0.462555 0.0233333 0.0881057
33 0.0391667 0.57489 0.0183333 0.0792952
26 0.801667 0.21696 0.0233333 0.103524
28 0.1675 0.344714 0.0383333 0.0947137
4 0.915 0.212555 0.0233333 0.112335
14 0.331667 0.566079 0.0266667 0.0837004
6 0.8375 0.779736 0.0116667 0.0837004
39 0.336667 0.34141 0.0266667 0.0969163
24 0.693333 0.564978 0.0266667 0.0947137
26 0.706667 0.215859 0.0266667 0.101322
27 0.0941667 0.818282 0.0216667 0.0682819
32 0.645833 0.462555 0.025 0.0881057
15 0.2625 0.577093 0.025 0.0748899
28 0.0716667 0.702643 0.0266667 0.0792952
40 0.596667 0.34141 0.0266667 0.092511
6 0.910833 0.796256 0.0216667 0.0859031
20 0.0866667 0.814978 0.0233333 0.0704846
27 0.120833 0.812775 0.025 0.0704846
14 0.333333 0.686123 0.02 0.0814978
4 0.951667 0.64978 0.02 0.0484582
34 0.59 0.463656 0.0233333 0.0947137
4 0.869167 0.213656 0.025 0.0969163
37 0.614167 0.651982 0.0216667 0.0572687
37 0.2925 0.800661 0.0183333 0.0682819
4 0.930833 0.650881 0.0183333 0.0506608
1 0.970833 0.215859 0.0283333 0.101322
32 0.708333 0.465859 0.03 0.0903084
24 0.523333 0.773128 0.0166667 0.0572687
6 0.8975 0.687225 0.0216667 0.0881057
15 0.441667 0.575991 0.0233333 0.0814978
2 0.0241667 0.190529 0.0283333 0.147577
24 0.500833 0.781938 0.0183333 0.0704846
13 0.438333 0.693833 0.0233333 0.0881057
15 0.3025 0.572687 0.0283333 0.0792952
6 0.86 0.796256 0.02 0.0947137
40 0.638333 0.345815 0.03 0.0969163
33 0.120833 0.581498 0.025 0.0837004
6 0.875 0.689427 0.0233333 0.0969163
1 0.941667 0.212555 0.0233333 0.112335
22 0.45 0.813877 0.0266667 0.0859031
18 0.614167 0.573789 0.025 0.0859031
27 0.145 0.814978 0.0233333 0.0748899
16 0.215 0.701542 0.0233333 0.0814978
43 0.0233333 0.803965 0.0233333 0.0704846
25 0.505833 0.21696 0.0283333 0.103524
25 0.538333 0.21696 0.0266667 0.0991189
15 0.385833 0.572687 0.0216667 0.0792952
31 0.498333 0.677313 0.0233333 0.0859031
4 0.84 0.213656 0.0233333 0.0969163
4 0.851667 0.689427 0.0233333 0.0969163
31 0.579167 0.776432 0.0183333 0.0594714
26 0.7575 0.219163 0.025 0.0991189
32 0.150833 0.579295 0.025 0.0837004
18 0.234167 0.464758 0.0283333 0.0969163
11 0.814167 0.342511 0.0216667 0.0903084
6 0.945833 0.786344 0.0216667 0.0837004
31 0.55 0.672907 0.0233333 0.0770925
31 0.663333 0.792952 0.0233333 0.0837004
34 0.561667 0.468062 0.0266667 0.0947137
28 0.0458333 0.702643 0.025 0.0792952
21 0.470833 0.21696 0.025 0.0947137
4 0.768333 0.670705 0.03 0.0770925
33 0.151667 0.580396 0.0233333 0.0814978
33 0.178333 0.462555 0.0233333 0.0881057
39 0.345 0.21696 0.0233333 0.0991189
17 0.191667 0.337004 0.03 0.105727
31 0.468333 0.688326 0.0233333 0.0859031
11 0.974167 0.344714 0.0316667 0.0991189
4 0.744167 0.660793 0.0183333 0.061674
18 0.58 0.57489 0.0266667 0.0837004
18 0.385833 0.45815 0.0316667 0.101322
27 0.263333 0.835903 0.0233333 0.0814978
27 0.173333 0.821586 0.0233333 0.0704846
31 0.524167 0.674009 0.025 0.0881057
31 0.636667 0.78304 0.0233333 0.0682819
33 0.0633333 0.579295 0.0233333 0.0837004
15 0.471667 0.571586 0.0233333 0.0770925
27 0.23 0.819383 0.0233333 0.0660793
11 0.840833 0.343612 0.025 0.092511
6 0.9775 0.795154 0.0283333 0.0969163
22 0.471667 0.342511 0.0266667 0.0947137
37 0.510833 0.343612 0.0283333 0.101322
15 0.411667 0.572687 0.0233333 0.0792952
25 0.57 0.21696 0.0266667 0.0991189
31 0.603333 0.776432 0.02 0.0594714
11 0.95 0.344714 0.0266667 0.0991189
25 0.671667 0.21696 0.03 0.0991189
11 0.92 0.343612 0.0266667 0.0969163
18 0.550833 0.57489 0.025 0.0837004
28 0.0158333 0.579295 0.0216667 0.0704846
11 0.8975 0.342511 0.0183333 0.0859031
24 0.740833 0.468062 0.025 0.0770925
18 0.473333 0.461454 0.0233333 0.0947137
32 0.675 0.462555 0.0266667 0.0881057
33 0.725 0.813877 0.02 0.0859031
27 0.2 0.834802 0.0233333 0.0748899
22 0.38 0.342511 0.0266667 0.103524
33 0.698333 0.807269 0.0233333 0.0814978
33 0.0908333 0.580396 0.025 0.0814978
37 0.340833 0.814978 0.025 0.0704846
18 0.261667 0.461454 0.0266667 0.103524
24 0.7525 0.571586 0.025 0.0814978
4 0.813333 0.67511 0.0233333 0.0903084
28 0.0566667 0.344714 0.0266667 0.0947137
11 0.870833 0.345815 0.025 0.092511
33 0.150833 0.465859 0.025 0.0859031
18 0.205 0.463656 0.0266667 0.0947137
33 0.106667 0.465859 0.0266667 0.0859031
37 0.315833 0.802863 0.0216667 0.0682819
18 0.414167 0.461454 0.025 0.103524
22 0.410833 0.338106 0.025 0.0991189
18 0.443333 0.45815 0.0266667 0.0969163
22 0.440833 0.338106 0.025 0.0947137
37 0.58 0.683921 0.0266667 0.0770925
17 0.255833 0.335903 0.025 0.10793
21 0.370833 0.214758 0.025 0.0991189
21 0.406667 0.213656 0.0333333 0.101322
28 0.0583333 0.465859 0.0266667 0.0859031
28 0.0208333 0.465859 0.0316667 0.0859031
39 0.175833 0.210352 0.0283333 0.103524
39 0.3 0.213656 0.0266667 0.101322
37 0.368333 0.814978 0.0233333 0.0748899
21 0.439167 0.213656 0.0283333 0.101322
28 0.0883333 0.344714 0.03 0.0947137
39 0.2075 0.211454 0.0283333 0.0969163
28 0.025 0.348018 0.03 0.0969163
39 0.241667 0.213656 0.0233333 0.0969163
28 0.1325 0.349119 0.025 0.0947137
25 0.640833 0.218062 0.0316667 0.105727
25 0.609167 0.218062 0.0283333 0.101322
