31 0.6075 0.809471 0.025 0.0814978
39 0.284167 0.339207 0.025 0.110132
33 0.769167 0.798458 0.025 0.0859031
30 0.126667 0.700441 0.0266667 0.0748899
37 0.354167 0.813877 0.0483333 0.0770925
2 0.0108333 0.192731 0.0183333 0.138767
31 0.498333 0.694934 0.0266667 0.0947137
10 0.971667 0.463656 0.0433333 0.0903084
37 0.3 0.813877 0.0533333 0.0770925
6 0.896667 0.688326 0.0233333 0.0903084
33 0.7125 0.468062 0.0283333 0.0903084
8 0.859167 0.689427 0.0416667 0.0969163
10 0.913333 0.460352 0.0233333 0.0881057
16 0.244167 0.698238 0.0316667 0.0792952
27 0.241667 0.814978 0.0466667 0.0660793
12 0.794167 0.801762 0.0216667 0.0837004
14 0.239167 0.698238 0.025 0.0792952
12 0.8 0.463656 0.0233333 0.0903084
32 0.589167 0.57489 0.025 0.0881057
27 0.150833 0.806167 0.0216667 0.0660793
11 0.840833 0.800661 0.0216667 0.0859031
2 0.0491667 0.192731 0.025 0.134361
12 0.840833 0.800661 0.0216667 0.0814978
28 0.0075 0.578194 0.015 0.0814978
41 0.606667 0.342511 0.0266667 0.0947137
17 0.283333 0.339207 0.0266667 0.105727
27 0.09 0.814978 0.0233333 0.0704846
14 0.268333 0.693833 0.0266667 0.0837004
11 0.816667 0.801762 0.02 0.0837004
10 0.984167 0.462555 0.0216667 0.092511
26 0.754167 0.215859 0.0583333 0.101322
32 0.1175 0.580396 0.025 0.0859031
2 0.113333 0.189427 0.0266667 0.136564
24 0.75 0.577093 0.0466667 0.0792952
24 0.515 0.809471 0.0566667 0.0814978
32 0.5625 0.578194 0.025 0.0859031
43 0.0641667 0.811674 0.025 0.0638767
12 0.824167 0.462555 0.0216667 0.092511
13 0.41 0.694934 0.0333333 0.0814978
18 0.233333 0.463656 0.03 0.0947137
1 0.925833 0.211454 0.025 0.105727
37 0.573333 0.342511 0.0266667 0.0991189
25 0.579167 0.214758 0.0216667 0.103524
11 0.97 0.685022 0.0233333 0.0881057
12 0.816667 0.801762 0.02 0.0837004
37 0.596667 0.692731 0.0466667 0.0814978
24 0.741667 0.46696 0.0233333 0.0881057
6 0.934167 0.796256 0.0216667 0.0903084
2 0.0291667 0.192731 0.0216667 0.134361
4 0.819167 0.680617 0.0216667 0.0881057
4 0.8425 0.686123 0.035 0.0947137
14 0.299167 0.697137 0.025 0.0859031
33 0.115833 0.581498 0.0283333 0.0837004
16 0.214167 0.699339 0.0216667 0.0814978
13 0.438333 0.694934 0.0233333 0.0859031
33 0.721667 0.812775 0.03 0.0748899
11 0.965833 0.344714 0.025 0.0947137
33 0.170833 0.579295 0.025 0.0881057
14 0.295 0.577093 0.0233333 0.0837004
34 0.59 0.46696 0.0233333 0.0969163
40 0.668333 0.339207 0.0266667 0.0969163
28 0.0708333 0.699339 0.025 0.0770925
14 0.355 0.694934 0.0233333 0.0859031
15 0.296667 0.579295 0.0233333 0.0837004
27 0.225 0.811674 0.0333333 0.0682819
28 0.504167 0.807269 0.025 0.0814978
27 0.1175 0.813877 0.025 0.0726872
32 0.620833 0.465859 0.0283333 0.0947137
2 0.0841667 0.193833 0.025 0.132159
18 0.3825 0.45815 0.0283333 0.101322
15 0.320833 0.577093 0.025 0.0792952
34 0.5625 0.468062 0.025 0.0991189
28 0.104167 0.465859 0.0283333 0.0947137
32 0.17 0.578194 0.0266667 0.0859031
31 0.585833 0.80837 0.025 0.0837004
24 0.530833 0.807269 0.025 0.0814978
24 0.0275 0.581498 0.025 0.0792952
32 0.7125 0.46696 0.0283333 0.0881057
15 0.3825 0.57489 0.025 0.0837004
18 0.185833 0.339207 0.025 0.114537
4 0.9 0.214758 0.02 0.0991189
32 0.650833 0.465859 0.0283333 0.0947137
1 0.954167 0.209251 0.025 0.110132
32 0.1425 0.580396 0.025 0.0859031
33 0.055 0.580396 0.0233333 0.0814978
11 0.799167 0.462555 0.0216667 0.092511
27 0.175 0.819383 0.0266667 0.061674
15 0.440833 0.573789 0.025 0.0859031
26 0.799167 0.214758 0.025 0.103524
20 0.0908333 0.814978 0.0216667 0.0660793
14 0.321667 0.580396 0.0266667 0.0814978
12 0.8625 0.798458 0.0216667 0.0903084
40 0.636667 0.34141 0.0266667 0.0969163
22 0.448333 0.807269 0.0266667 0.0814978
4 0.829167 0.680617 0.0183333 0.0837004
4 0.826667 0.215859 0.0233333 0.101322
18 0.4125 0.462555 0.025 0.101322
18 0.260833 0.460352 0.0283333 0.101322
24 0.763333 0.578194 0.0266667 0.0814978
33 0.0858333 0.579295 0.025 0.0837004
18 0.471667 0.461454 0.0266667 0.0991189
28 0.0141667 0.701542 0.025 0.0814978
15 0.471667 0.569383 0.0233333 0.0859031
28 0.0441667 0.703744 0.025 0.0770925
22 0.470833 0.342511 0.025 0.0991189
18 0.206667 0.464758 0.0366667 0.092511
22 0.374167 0.340308 0.0283333 0.103524
24 0.504167 0.807269 0.025 0.0814978
37 0.540833 0.339207 0.0283333 0.0969163
15 0.410833 0.578194 0.025 0.0814978
31 0.6175 0.810573 0.0216667 0.0748899
33 0.105833 0.468062 0.0283333 0.0947137
18 0.214167 0.339207 0.025 0.110132
18 0.441667 0.460352 0.0266667 0.0969163
26 0.770833 0.213656 0.025 0.105727
26 0.7375 0.213656 0.025 0.101322
26 0.705833 0.214758 0.025 0.0991189
24 0.735 0.577093 0.0233333 0.0837004
25 0.570833 0.215859 0.0216667 0.0969163
31 0.554167 0.692731 0.025 0.0859031
11 0.946667 0.346916 0.0233333 0.0947137
14 0.326667 0.694934 0.0233333 0.0859031
1 0.980833 0.210352 0.025 0.10793
4 0.854167 0.215859 0.0216667 0.0881057
15 0.351667 0.577093 0.0266667 0.0792952
33 0.7 0.811674 0.0233333 0.0814978
31 0.525 0.693833 0.0233333 0.0881057
4 0.7775 0.690529 0.0216667 0.0947137
37 0.506667 0.34141 0.0266667 0.105727
28 0.0258333 0.581498 0.025 0.0792952
4 0.876667 0.213656 0.02 0.0881057
31 0.668333 0.809471 0.0266667 0.0770925
27 0.255833 0.812775 0.0216667 0.0660793
27 0.201667 0.810573 0.0233333 0.0704846
17 0.245 0.337004 0.03 0.105727
4 0.804167 0.685022 0.0216667 0.0969163
17 0.185 0.339207 0.0266667 0.105727
31 0.641667 0.811674 0.0233333 0.0770925
11 0.799167 0.340308 0.0216667 0.0903084
24 0.559167 0.80837 0.0283333 0.0837004
21 0.375 0.210352 0.0266667 0.10793
33 0.17 0.465859 0.0266667 0.0947137
39 0.338333 0.209251 0.0333333 0.105727
32 0.68 0.46696 0.03 0.0881057
39 0.175833 0.211454 0.0283333 0.101322
18 0.35 0.460352 0.0266667 0.105727
39 0.306667 0.210352 0.0266667 0.10793
21 0.473333 0.211454 0.0266667 0.101322
22 0.4075 0.338106 0.025 0.103524
17 0.213333 0.335903 0.0266667 0.10793
28 0.0741667 0.468062 0.0283333 0.0903084
37 0.286667 0.809471 0.0233333 0.0726872
22 0.4375 0.342511 0.0283333 0.103524
11 0.829167 0.343612 0.0283333 0.092511
37 0.366667 0.80837 0.0266667 0.0792952
33 0.136667 0.46696 0.03 0.092511
37 0.339167 0.811674 0.025 0.0770925
28 0.0175 0.470264 0.0283333 0.0903084
25 0.6075 0.212555 0.0283333 0.10793
21 0.406667 0.211454 0.03 0.105727
37 0.3125 0.811674 0.025 0.0726872
39 0.275833 0.210352 0.0283333 0.103524
37 0.580833 0.696035 0.025 0.0881057
28 0.0441667 0.465859 0.0283333 0.0947137
28 0.0566667 0.342511 0.0266667 0.0947137
37 0.610833 0.694934 0.0283333 0.0903084
39 0.2075 0.211454 0.0283333 0.101322
37 0.6375 0.693833 0.025 0.0837004
25 0.6725 0.214758 0.0316667 0.103524
21 0.440833 0.209251 0.0316667 0.105727
39 0.241667 0.211454 0.0266667 0.105727
28 0.0225 0.345815 0.0283333 0.0969163
25 0.641667 0.215859 0.03 0.105727
