9 0.866667 0.566079 0.03 0.101322
15 0.395833 0.578194 0.045 0.0770925
34 0.516667 0.461454 0.0566667 0.0903084
24 0.764167 0.579295 0.0216667 0.0881057
22 0.448333 0.809471 0.0266667 0.0814978
6 0.896667 0.785242 0.02 0.0814978
17 0.240833 0.335903 0.055 0.0991189
4 0.901667 0.211454 0.0233333 0.110132
37 0.3 0.812775 0.05 0.0748899
41 0.605833 0.344714 0.0283333 0.0947137
16 0.214167 0.697137 0.0283333 0.0770925
12 0.76 0.787445 0.02 0.0859031
31 0.6225 0.79185 0.035 0.0682819
2 0.1175 0.192731 0.025 0.143172
12 0.828333 0.45815 0.0233333 0.092511
31 0.499167 0.696035 0.025 0.092511
30 0.171667 0.692731 0.0233333 0.0726872
4 0.814167 0.682819 0.0216667 0.092511
21 0.3575 0.20815 0.0616667 0.10793
27 0.220833 0.812775 0.045 0.0704846
18 0.503333 0.465859 0.0266667 0.0991189
14 0.270833 0.699339 0.025 0.0770925
4 0.986667 0.564978 0.02 0.0903084
18 0.5325 0.464758 0.025 0.0969163
37 0.475 0.809471 0.0266667 0.0859031
18 0.560833 0.460352 0.025 0.0969163
26 0.704167 0.218062 0.025 0.092511
25 0.706667 0.21696 0.0266667 0.0991189
31 0.679167 0.773128 0.0183333 0.061674
14 0.3 0.698238 0.0266667 0.0748899
24 0.7475 0.462555 0.045 0.0792952
2 0.0475 0.188326 0.0183333 0.156388
26 0.754167 0.219163 0.0583333 0.0947137
27 0.240833 0.811674 0.045 0.0682819
22 0.371667 0.34141 0.0366667 0.0969163
32 0.62 0.578194 0.0233333 0.0859031
11 0.851667 0.78304 0.02 0.0859031
27 0.0925 0.817181 0.025 0.0704846
15 0.3225 0.579295 0.025 0.0837004
6 0.919167 0.78304 0.0183333 0.0859031
17 0.29 0.338106 0.0233333 0.0991189
32 0.155 0.573789 0.02 0.0814978
17 0.2925 0.464758 0.025 0.0969163
4 0.841667 0.679515 0.0366667 0.10793
11 0.8125 0.34141 0.015 0.101322
17 0.215 0.340308 0.05 0.0991189
18 0.355833 0.457048 0.0216667 0.0991189
11 0.9425 0.338106 0.0483333 0.0947137
34 0.503333 0.465859 0.0233333 0.0991189
17 0.325 0.461454 0.0266667 0.0991189
22 0.429167 0.34141 0.045 0.092511
21 0.5075 0.215859 0.0283333 0.092511
18 0.39 0.460352 0.04 0.092511
43 0.0316667 0.694934 0.0233333 0.0814978
28 0.1025 0.34141 0.0583333 0.0969163
25 0.508333 0.213656 0.0266667 0.0969163
27 0.120833 0.814978 0.025 0.0704846
28 0.0575 0.69163 0.0216667 0.0748899
1 0.930833 0.205947 0.025 0.11674
11 0.813333 0.787445 0.0166667 0.0814978
16 0.241667 0.697137 0.0266667 0.0770925
25 0.554167 0.21696 0.0416667 0.0903084
32 0.176667 0.580396 0.02 0.0859031
28 0.135 0.340308 0.0566667 0.0991189
34 0.530833 0.465859 0.025 0.0947137
32 0.715 0.469163 0.0266667 0.0837004
15 0.205833 0.581498 0.025 0.0837004
37 0.3275 0.810573 0.0483333 0.0704846
11 0.873333 0.785242 0.0166667 0.0859031
11 0.988333 0.677313 0.0166667 0.0991189
12 0.8525 0.784141 0.0183333 0.0881057
5 0.895 0.457048 0.0233333 0.103524
18 0.229167 0.335903 0.025 0.103524
1 0.985 0.20815 0.0233333 0.121145
2 0.0708333 0.188326 0.025 0.147577
28 0.0608333 0.580396 0.025 0.0770925
11 0.97 0.681718 0.0233333 0.0947137
40 0.67 0.346916 0.0266667 0.0947137
13 0.44 0.696035 0.0233333 0.0837004
18 0.558333 0.571586 0.0233333 0.0770925
39 0.1925 0.213656 0.055 0.105727
15 0.259167 0.579295 0.0216667 0.0704846
11 0.830833 0.78304 0.0183333 0.0903084
25 0.58 0.215859 0.0433333 0.092511
18 0.323333 0.459251 0.03 0.103524
25 0.540833 0.21696 0.0216667 0.0947137
27 0.146667 0.813877 0.0266667 0.0726872
34 0.590833 0.46696 0.025 0.092511
37 0.543333 0.343612 0.0266667 0.0969163
24 0.793333 0.460352 0.0233333 0.0881057
15 0.3825 0.575991 0.025 0.0770925
18 0.198333 0.339207 0.0266667 0.105727
20 0.0925 0.816079 0.0216667 0.0726872
18 0.263333 0.463656 0.03 0.103524
18 0.293333 0.462555 0.03 0.101322
37 0.620833 0.694934 0.0383333 0.0726872
25 0.566667 0.220264 0.0233333 0.092511
14 0.294167 0.580396 0.025 0.0814978
32 0.6225 0.46696 0.025 0.092511
32 0.654167 0.46696 0.025 0.092511
2 0.025 0.186123 0.03 0.160793
28 0.7275 0.571586 0.0283333 0.0814978
40 0.638333 0.345815 0.03 0.0969163
18 0.233333 0.465859 0.03 0.103524
4 0.829167 0.213656 0.0216667 0.101322
33 0.0625 0.580396 0.025 0.0770925
15 0.293333 0.580396 0.0266667 0.0770925
14 0.355833 0.694934 0.0216667 0.0814978
33 0.136667 0.572687 0.0233333 0.0748899
1 0.958333 0.204846 0.0266667 0.123348
15 0.236667 0.579295 0.0266667 0.0704846
32 0.683333 0.469163 0.03 0.0881057
11 0.879167 0.34141 0.015 0.0969163
12 0.790833 0.794053 0.0216667 0.0947137
14 0.328333 0.697137 0.0233333 0.0859031
31 0.639167 0.787445 0.0183333 0.0726872
32 0.134167 0.572687 0.0216667 0.0837004
26 0.7375 0.218062 0.0283333 0.092511
26 0.801667 0.215859 0.0266667 0.101322
28 0.765 0.577093 0.02 0.0837004
34 0.561667 0.463656 0.0233333 0.0991189
28 0.0758333 0.46696 0.025 0.092511
24 0.53 0.806167 0.0233333 0.0837004
18 0.53 0.569383 0.0233333 0.0859031
33 0.0916667 0.5837 0.0266667 0.0837004
2 0.141667 0.187225 0.0266667 0.14978
15 0.351667 0.581498 0.0266667 0.0748899
27 0.175 0.810573 0.0233333 0.0704846
31 0.611667 0.79185 0.02 0.0726872
28 0.0158333 0.57489 0.0216667 0.0704846
18 0.500833 0.575991 0.025 0.0903084
14 0.323333 0.580396 0.0233333 0.0814978
31 0.586667 0.812775 0.0233333 0.0792952
18 0.414167 0.461454 0.0283333 0.103524
15 0.470833 0.575991 0.025 0.0814978
26 0.771667 0.219163 0.0266667 0.103524
18 0.471667 0.461454 0.0266667 0.103524
17 0.2575 0.335903 0.025 0.0991189
6 0.9575 0.79185 0.0216667 0.103524
15 0.440833 0.578194 0.0216667 0.0814978
4 0.880833 0.212555 0.0216667 0.10793
37 0.288333 0.810573 0.0233333 0.0704846
33 0.7175 0.797357 0.0216667 0.0792952
25 0.670833 0.21696 0.0283333 0.0947137
27 0.204167 0.810573 0.025 0.0748899
28 0.105833 0.46696 0.0283333 0.0969163
27 0.258333 0.811674 0.0233333 0.0726872
4 0.855833 0.211454 0.025 0.110132
11 0.9575 0.331498 0.025 0.0947137
31 0.659167 0.779736 0.0183333 0.0660793
33 0.1675 0.468062 0.0283333 0.0903084
24 0.556667 0.800661 0.0233333 0.0770925
18 0.205 0.464758 0.0266667 0.0969163
15 0.410833 0.580396 0.025 0.0770925
24 0.504167 0.80837 0.025 0.0837004
31 0.550833 0.683921 0.025 0.0859031
4 0.805833 0.683921 0.025 0.0991189
4 0.830833 0.679515 0.0183333 0.0947137
11 0.9275 0.340308 0.025 0.103524
25 0.594167 0.21696 0.025 0.0947137
11 0.8325 0.34141 0.0216667 0.101322
37 0.513333 0.345815 0.0266667 0.092511
11 0.86 0.337004 0.02 0.0969163
31 0.525 0.69163 0.0233333 0.0881057
28 0.151667 0.342511 0.03 0.103524
37 0.3425 0.812775 0.025 0.0748899
37 0.314167 0.813877 0.025 0.0770925
18 0.443333 0.460352 0.0266667 0.101322
39 0.1775 0.211454 0.0283333 0.101322
37 0.635833 0.696035 0.0216667 0.0837004
39 0.304167 0.211454 0.0283333 0.114537
28 0.0191667 0.472467 0.0283333 0.0903084
25 0.641667 0.21696 0.0266667 0.0991189
37 0.369167 0.812775 0.025 0.0792952
4 0.78 0.685022 0.0233333 0.105727
22 0.4425 0.338106 0.025 0.0947137
37 0.61 0.697137 0.0233333 0.0859031
28 0.0541667 0.343612 0.0283333 0.0969163
11 0.898333 0.343612 0.0233333 0.105727
28 0.0466667 0.46696 0.03 0.0969163
21 0.373333 0.211454 0.0266667 0.105727
21 0.473333 0.213656 0.0266667 0.0969163
37 0.581667 0.694934 0.0233333 0.0859031
22 0.410833 0.340308 0.025 0.0991189
39 0.34 0.212555 0.0333333 0.103524
33 0.1375 0.468062 0.025 0.0947137
21 0.440833 0.212555 0.0316667 0.103524
28 0.119167 0.34141 0.0283333 0.105727
39 0.208333 0.212555 0.03 0.0991189
39 0.243333 0.212555 0.0266667 0.0991189
28 0.0233333 0.344714 0.03 0.0991189
21 0.4075 0.212555 0.0316667 0.103524
28 0.0891667 0.344714 0.0283333 0.0991189
