12 0.834167 0.792952 0.0383333 0.092511
33 0.164167 0.462555 0.0483333 0.0881057
20 0.203333 0.812775 0.0233333 0.0704846
25 0.579167 0.215859 0.045 0.092511
26 0.7075 0.21696 0.025 0.0991189
25 0.7075 0.21696 0.025 0.0991189
15 0.205833 0.581498 0.0216667 0.0704846
17 0.211667 0.339207 0.0533333 0.0969163
6 0.959167 0.789648 0.025 0.0903084
1 0.985833 0.210352 0.0183333 0.0991189
13 0.466667 0.670705 0.0233333 0.0726872
18 0.3 0.460352 0.0266667 0.0969163
37 0.5725 0.343612 0.025 0.0969163
19 0.290833 0.338106 0.025 0.103524
18 0.355833 0.45815 0.0216667 0.0969163
11 0.799167 0.457048 0.0216667 0.10793
14 0.299167 0.699339 0.025 0.0859031
28 0.0133333 0.343612 0.0266667 0.092511
4 0.820833 0.568282 0.0183333 0.092511
18 0.1975 0.339207 0.025 0.101322
36 0.640833 0.568282 0.0216667 0.0837004
34 0.518333 0.465859 0.0566667 0.0947137
17 0.239167 0.338106 0.0483333 0.0991189
13 0.411667 0.694934 0.0233333 0.0814978
4 0.839167 0.681718 0.045 0.10793
25 0.5225 0.218062 0.0483333 0.092511
22 0.444167 0.335903 0.0283333 0.0903084
37 0.258333 0.814978 0.02 0.0748899
24 0.733333 0.577093 0.02 0.0837004
43 0.0308333 0.693833 0.0216667 0.0792952
15 0.321667 0.579295 0.0266667 0.0837004
28 0.759167 0.453745 0.0216667 0.0881057
34 0.5025 0.470264 0.0216667 0.0991189
18 0.495833 0.463656 0.035 0.0991189
18 0.390833 0.462555 0.0416667 0.0969163
36 0.668333 0.571586 0.0233333 0.0814978
27 0.235833 0.800661 0.0216667 0.0682819
31 0.510833 0.682819 0.045 0.0837004
40 0.606667 0.344714 0.0266667 0.0947137
40 0.668333 0.345815 0.0266667 0.0969163
28 0.74 0.463656 0.03 0.0903084
28 0.166667 0.344714 0.02 0.0903084
14 0.356667 0.687225 0.0233333 0.0837004
22 0.349167 0.339207 0.025 0.101322
34 0.53 0.471366 0.0266667 0.0969163
11 0.911667 0.340308 0.0433333 0.0991189
24 0.759167 0.455947 0.0216667 0.0881057
37 0.334167 0.803965 0.0383333 0.0704846
8 0.85 0.683921 0.02 0.103524
28 0.0333333 0.469163 0.06 0.0881057
24 0.514167 0.797357 0.0383333 0.0792952
12 0.8225 0.792952 0.0216667 0.0969163
4 0.9825 0.670705 0.0216667 0.0859031
28 0.0591667 0.69163 0.0216667 0.0748899
15 0.355 0.570485 0.0266667 0.0837004
12 0.799167 0.45815 0.0216667 0.105727
14 0.293333 0.580396 0.0266667 0.0814978
4 0.97 0.670705 0.0233333 0.0859031
15 0.2625 0.578194 0.025 0.0726872
2 0.095 0.185022 0.0266667 0.136564
37 0.623333 0.69163 0.0333333 0.0792952
5 0.895833 0.45815 0.025 0.105727
27 0.119167 0.814978 0.025 0.0704846
15 0.293333 0.580396 0.0266667 0.0814978
21 0.344167 0.212555 0.0283333 0.10793
27 0.0925 0.816079 0.025 0.0726872
37 0.543333 0.343612 0.0266667 0.092511
2 0.055 0.182819 0.0266667 0.136564
24 0.695833 0.573789 0.025 0.0814978
11 0.848333 0.339207 0.0333333 0.0969163
31 0.608333 0.694934 0.0233333 0.0903084
5 0.870833 0.455947 0.0216667 0.105727
22 0.379167 0.34141 0.0283333 0.105727
20 0.0908333 0.814978 0.0216667 0.0748899
31 0.578333 0.67511 0.02 0.0859031
18 0.268333 0.460352 0.03 0.0969163
1 0.965833 0.205947 0.0283333 0.10793
31 0.4975 0.687225 0.025 0.0792952
11 0.9825 0.339207 0.0216667 0.092511
4 0.820833 0.21696 0.0216667 0.0991189
27 0.146667 0.813877 0.0266667 0.0726872
25 0.5075 0.218062 0.0283333 0.101322
17 0.329167 0.461454 0.025 0.0991189
24 0.74 0.460352 0.0333333 0.0881057
15 0.2375 0.580396 0.025 0.0682819
25 0.5375 0.21696 0.0216667 0.0991189
2 0.0225 0.181718 0.025 0.143172
11 0.960833 0.334802 0.0216667 0.0837004
24 0.503333 0.797357 0.0233333 0.0748899
22 0.320833 0.334802 0.025 0.105727
28 0.733333 0.578194 0.02 0.0859031
24 0.0116667 0.581498 0.02 0.0792952
21 0.474167 0.21696 0.025 0.0991189
34 0.56 0.46696 0.0233333 0.0969163
1 0.939167 0.207048 0.025 0.114537
14 0.333333 0.687225 0.02 0.0792952
22 0.449167 0.806167 0.025 0.0792952
34 0.59 0.468062 0.0266667 0.0903084
26 0.771667 0.219163 0.0233333 0.0991189
40 0.6375 0.343612 0.0283333 0.0969163
28 0.76 0.578194 0.0266667 0.0859031
14 0.324167 0.580396 0.025 0.0814978
24 0.5275 0.794053 0.0216667 0.0770925
28 0.148333 0.337004 0.0166667 0.0881057
15 0.3875 0.578194 0.025 0.0814978
4 0.853333 0.213656 0.0233333 0.105727
27 0.176667 0.813877 0.0233333 0.0682819
28 0.0775 0.46696 0.025 0.0881057
11 0.8175 0.338106 0.0216667 0.10793
26 0.7375 0.215859 0.025 0.105727
4 0.878333 0.214758 0.0233333 0.103524
32 0.650833 0.468062 0.025 0.0903084
33 0.100833 0.571586 0.025 0.0770925
4 0.831667 0.215859 0.0233333 0.101322
17 0.261667 0.337004 0.0233333 0.101322
39 0.273333 0.214758 0.0233333 0.0991189
32 0.681667 0.469163 0.0233333 0.0881057
4 0.975833 0.55837 0.0316667 0.0859031
32 0.621667 0.46696 0.0266667 0.092511
26 0.7925 0.21696 0.0216667 0.103524
33 0.179167 0.462555 0.0216667 0.092511
27 0.2575 0.814978 0.0216667 0.0748899
37 0.576667 0.67511 0.0233333 0.0770925
37 0.634167 0.69163 0.0183333 0.0792952
27 0.203333 0.813877 0.0233333 0.0682819
21 0.443333 0.21696 0.0266667 0.0991189
31 0.5475 0.665198 0.0216667 0.0704846
15 0.455833 0.579295 0.025 0.0837004
25 0.5925 0.218062 0.0283333 0.092511
18 0.235 0.464758 0.03 0.0969163
18 0.413333 0.462555 0.0266667 0.101322
25 0.564167 0.220264 0.025 0.0969163
4 0.770833 0.672907 0.025 0.0903084
18 0.471667 0.461454 0.0266667 0.103524
31 0.585 0.796256 0.02 0.0814978
37 0.609167 0.697137 0.025 0.0859031
15 0.4275 0.577093 0.025 0.0792952
21 0.375 0.213656 0.03 0.105727
11 0.925833 0.342511 0.0216667 0.10793
37 0.513333 0.346916 0.0266667 0.0947137
18 0.205 0.464758 0.0266667 0.0969163
39 0.1775 0.211454 0.0283333 0.101322
25 0.6675 0.218062 0.0283333 0.0969163
39 0.341667 0.212555 0.03 0.10793
28 0.0566667 0.344714 0.0266667 0.0903084
4 0.791667 0.670705 0.02 0.0903084
37 0.316667 0.800661 0.02 0.0682819
33 0.0575 0.587004 0.025 0.0770925
4 0.82 0.679515 0.0266667 0.121145
11 0.896667 0.34141 0.0233333 0.105727
25 0.635833 0.21696 0.0283333 0.0991189
18 0.4425 0.459251 0.025 0.0991189
28 0.0183333 0.471366 0.0266667 0.0881057
31 0.523333 0.685022 0.0233333 0.0792952
37 0.369167 0.812775 0.025 0.0792952
33 0.15 0.465859 0.0266667 0.0903084
37 0.3425 0.814978 0.025 0.0704846
22 0.41 0.342511 0.0266667 0.103524
28 0.0466667 0.469163 0.0266667 0.092511
39 0.2075 0.212555 0.0283333 0.0991189
39 0.2425 0.212555 0.025 0.0991189
28 0.0241667 0.346916 0.0283333 0.0991189
21 0.406667 0.215859 0.0333333 0.101322
28 0.100833 0.348018 0.0283333 0.0969163
39 0.3125 0.211454 0.0283333 0.110132
