25 0.770833 0.218062 0.0283333 0.101322
28 0.0583333 0.470264 0.0633333 0.0903084
12 0.880833 0.45815 0.0216667 0.101322
32 0.631667 0.459251 0.0633333 0.0814978
15 0.274167 0.567181 0.0283333 0.0682819
22 0.4775 0.80837 0.025 0.0792952
11 0.795 0.795154 0.02 0.101322
27 0.165833 0.817181 0.0483333 0.0704846
27 0.0916667 0.816079 0.0233333 0.0682819
37 0.526667 0.342511 0.05 0.0947137
14 0.270833 0.694934 0.025 0.0814978
18 0.214167 0.459251 0.0216667 0.0947137
18 0.53 0.454846 0.0233333 0.0903084
33 0.59 0.577093 0.02 0.0748899
32 0.585 0.454846 0.03 0.0814978
14 0.3575 0.696035 0.025 0.0792952
37 0.573333 0.342511 0.0266667 0.0991189
27 0.241667 0.813877 0.0466667 0.0682819
12 0.826667 0.460352 0.02 0.101322
37 0.3275 0.809471 0.0516667 0.0682819
17 0.239167 0.331498 0.025 0.0903084
32 0.618333 0.579295 0.02 0.0748899
24 0.7275 0.571586 0.0216667 0.0814978
13 0.411667 0.693833 0.0233333 0.0837004
28 0.740833 0.464758 0.0216667 0.0837004
27 0.223333 0.813877 0.04 0.0682819
15 0.473333 0.548458 0.02 0.061674
37 0.476667 0.80837 0.0266667 0.0792952
24 0.7925 0.572687 0.0216667 0.0837004
32 0.664167 0.564978 0.0216667 0.0814978
5 0.915 0.455947 0.02 0.101322
26 0.756667 0.21696 0.0566667 0.0991189
12 0.795 0.795154 0.02 0.101322
14 0.3025 0.696035 0.025 0.0837004
37 0.598333 0.696035 0.0433333 0.0792952
2 0.114167 0.181718 0.0283333 0.143172
2 0.0275 0.187225 0.025 0.145374
30 0.1825 0.702643 0.0283333 0.0792952
16 0.243333 0.698238 0.0266667 0.0748899
24 0.740833 0.465859 0.0216667 0.0814978
16 0.216667 0.699339 0.0233333 0.0770925
37 0.626667 0.699339 0.0466667 0.0770925
2 0.0866667 0.185022 0.0266667 0.145374
32 0.590833 0.578194 0.0216667 0.0770925
18 0.325 0.455947 0.0266667 0.0969163
32 0.646667 0.569383 0.0166667 0.0770925
34 0.558333 0.448238 0.03 0.0859031
10 0.964167 0.459251 0.0216667 0.0991189
28 0.0116667 0.344714 0.0233333 0.0903084
17 0.255 0.327092 0.0366667 0.0903084
14 0.296667 0.577093 0.0266667 0.0881057
31 0.5 0.698238 0.0233333 0.092511
18 0.385 0.452643 0.0233333 0.0991189
28 0.1075 0.468062 0.0283333 0.0903084
24 0.5325 0.806167 0.025 0.0792952
11 0.938333 0.343612 0.0466667 0.101322
24 0.765833 0.580396 0.0216667 0.0814978
34 0.53 0.455947 0.0233333 0.0881057
17 0.2925 0.461454 0.025 0.0991189
27 0.12 0.812775 0.0233333 0.0660793
37 0.5425 0.342511 0.0283333 0.0947137
4 0.900833 0.213656 0.0183333 0.101322
15 0.245833 0.569383 0.025 0.0770925
33 0.1075 0.46696 0.0283333 0.092511
4 0.7925 0.682819 0.025 0.0969163
18 0.239167 0.459251 0.0216667 0.0947137
32 0.2 0.561674 0.02 0.0748899
28 0.0775 0.471366 0.025 0.0881057
28 0.015 0.701542 0.0266667 0.0859031
39 0.3525 0.215859 0.0216667 0.0969163
31 0.666667 0.813877 0.02 0.0726872
22 0.45 0.811674 0.0266667 0.0814978
33 0.725833 0.812775 0.0183333 0.0704846
40 0.668333 0.340308 0.0266667 0.0947137
1 0.936667 0.204846 0.03 0.127753
17 0.2875 0.325991 0.0216667 0.0969163
4 0.815833 0.681718 0.025 0.0903084
4 0.8325 0.213656 0.0216667 0.0969163
15 0.415833 0.568282 0.025 0.0748899
25 0.6625 0.21696 0.0216667 0.0947137
27 0.146667 0.816079 0.0266667 0.0726872
28 0.0725 0.702643 0.0283333 0.0792952
15 0.3875 0.570485 0.0216667 0.0792952
26 0.706667 0.218062 0.0266667 0.0969163
21 0.3525 0.214758 0.0216667 0.0991189
20 0.0925 0.816079 0.0216667 0.0682819
1 0.981667 0.205947 0.0233333 0.125551
15 0.295833 0.578194 0.025 0.0770925
28 0.755 0.699339 0.0233333 0.0814978
32 0.6175 0.459251 0.0283333 0.0903084
18 0.5275 0.569383 0.0216667 0.0859031
24 0.504167 0.807269 0.025 0.0770925
32 0.715833 0.468062 0.0283333 0.0859031
31 0.639167 0.803965 0.0216667 0.0748899
25 0.57 0.213656 0.0233333 0.0881057
18 0.265 0.461454 0.0266667 0.0991189
4 0.8575 0.212555 0.0216667 0.10793
40 0.638333 0.343612 0.0266667 0.0969163
31 0.554167 0.697137 0.025 0.0814978
13 0.44 0.696035 0.0233333 0.0881057
14 0.331667 0.692731 0.0233333 0.0859031
32 0.645833 0.461454 0.0283333 0.0947137
18 0.355 0.460352 0.0266667 0.0969163
31 0.5875 0.809471 0.025 0.0814978
26 0.736667 0.218062 0.0266667 0.0969163
4 0.78 0.688326 0.0233333 0.0991189
26 0.800833 0.215859 0.025 0.101322
28 0.045 0.703744 0.0266667 0.0770925
32 0.141667 0.561674 0.0266667 0.0792952
21 0.3775 0.214758 0.025 0.103524
33 0.1825 0.455947 0.025 0.0837004
18 0.294167 0.462555 0.0283333 0.101322
28 0.131667 0.332599 0.02 0.0837004
18 0.415833 0.461454 0.025 0.0991189
18 0.471667 0.459251 0.0266667 0.0991189
31 0.525 0.697137 0.0233333 0.0814978
24 0.56 0.810573 0.0266667 0.0748899
4 0.880833 0.213656 0.0183333 0.105727
33 0.0583333 0.579295 0.0266667 0.0748899
33 0.0883333 0.580396 0.0266667 0.0770925
11 0.925 0.338106 0.0233333 0.103524
27 0.2575 0.810573 0.025 0.0704846
27 0.175833 0.816079 0.0216667 0.0682819
15 0.444167 0.571586 0.025 0.0814978
27 0.2025 0.812775 0.025 0.0704846
39 0.178333 0.212555 0.0266667 0.0991189
22 0.3775 0.342511 0.0283333 0.103524
33 0.139167 0.569383 0.025 0.0726872
26 0.7725 0.218062 0.025 0.101322
31 0.615 0.811674 0.02 0.0770925
21 0.473333 0.215859 0.0266667 0.101322
37 0.511667 0.343612 0.0266667 0.0969163
4 0.8275 0.683921 0.0216667 0.0947137
11 0.804167 0.340308 0.0216667 0.0991189
22 0.475 0.34141 0.0266667 0.0969163
22 0.445 0.337004 0.0233333 0.0969163
18 0.443333 0.459251 0.0266667 0.0991189
11 0.951667 0.338106 0.0233333 0.10793
32 0.684167 0.46696 0.0283333 0.0881057
28 0.0191667 0.472467 0.0283333 0.0859031
37 0.286667 0.80837 0.0233333 0.0704846
37 0.610833 0.697137 0.025 0.0859031
25 0.638333 0.21696 0.0266667 0.0947137
18 0.503333 0.571586 0.0233333 0.0947137
39 0.21 0.210352 0.03 0.0991189
21 0.441667 0.213656 0.0333333 0.105727
28 0.0608333 0.346916 0.0283333 0.0903084
37 0.583333 0.697137 0.0233333 0.0814978
11 0.976667 0.338106 0.0233333 0.103524
37 0.6375 0.696035 0.0183333 0.0837004
37 0.341667 0.812775 0.0233333 0.0748899
28 0.0466667 0.468062 0.0266667 0.0903084
37 0.314167 0.811674 0.025 0.0770925
39 0.243333 0.213656 0.0266667 0.0969163
33 0.138333 0.468062 0.0266667 0.0903084
37 0.368333 0.810573 0.0266667 0.0792952
25 0.605833 0.21696 0.0283333 0.0991189
22 0.413333 0.342511 0.0266667 0.103524
39 0.310833 0.211454 0.0283333 0.110132
21 0.409167 0.214758 0.0283333 0.103524
11 0.831667 0.340308 0.0266667 0.0991189
11 0.871667 0.339207 0.0233333 0.0969163
28 0.0283333 0.35022 0.03 0.092511
11 0.901667 0.338106 0.02 0.0991189
