8 0.8475 0.677313 0.035 0.0991189
37 0.573333 0.65859 0.02 0.0704846
5 0.896667 0.45815 0.0233333 0.101322
28 0.195 0.332599 0.0366667 0.0792952
4 0.858333 0.213656 0.03 0.0969163
32 0.676667 0.453745 0.0433333 0.0792952
41 0.605833 0.343612 0.0283333 0.092511
15 0.413333 0.578194 0.0566667 0.0770925
4 0.771667 0.659692 0.0266667 0.0638767
33 0.218333 0.447137 0.0266667 0.0837004
11 0.984167 0.343612 0.0216667 0.101322
6 0.91 0.794053 0.0233333 0.0903084
18 0.329167 0.452643 0.0283333 0.0859031
11 0.803333 0.339207 0.02 0.092511
28 0.0116667 0.553965 0.0166667 0.0726872
31 0.693333 0.801762 0.0266667 0.0748899
37 0.5725 0.344714 0.025 0.0947137
31 0.5125 0.696035 0.0416667 0.0704846
14 0.2725 0.687225 0.0183333 0.0748899
26 0.775833 0.219163 0.035 0.0991189
4 0.750833 0.655286 0.025 0.0638767
34 0.598333 0.465859 0.0433333 0.0903084
32 0.689167 0.452643 0.0216667 0.0770925
10 0.9675 0.569383 0.025 0.0947137
6 0.981667 0.79185 0.0233333 0.0947137
11 0.865 0.340308 0.02 0.0991189
2 0.0983333 0.192731 0.0233333 0.125551
28 0.1 0.461454 0.03 0.0814978
24 0.719167 0.564978 0.0216667 0.0814978
14 0.3 0.699339 0.0266667 0.0859031
37 0.585 0.659692 0.04 0.0638767
2 0.0708333 0.192731 0.0216667 0.134361
5 0.870833 0.459251 0.0216667 0.0991189
28 0.0491667 0.698238 0.025 0.0792952
39 0.2425 0.214758 0.0516667 0.0947137
37 0.330833 0.799559 0.0383333 0.0660793
12 0.8675 0.790749 0.0216667 0.0881057
11 0.9225 0.34141 0.0216667 0.0969163
24 0.72 0.452643 0.0233333 0.0770925
32 0.183333 0.552863 0.02 0.0660793
15 0.321667 0.579295 0.0266667 0.0792952
14 0.295 0.579295 0.0233333 0.0792952
6 0.933333 0.794053 0.02 0.0991189
11 0.9675 0.342511 0.025 0.0991189
4 0.825833 0.562775 0.0216667 0.0991189
31 0.585 0.774229 0.0366667 0.0726872
4 0.8375 0.214758 0.035 0.103524
25 0.708333 0.218062 0.0233333 0.0969163
13 0.439167 0.697137 0.025 0.0859031
1 0.966667 0.20815 0.03 0.10793
17 0.26 0.334802 0.04 0.0969163
33 0.720833 0.800661 0.0216667 0.0770925
15 0.295 0.580396 0.0266667 0.0726872
37 0.543333 0.343612 0.0266667 0.092511
4 0.895 0.213656 0.0233333 0.101322
14 0.355833 0.571586 0.025 0.0814978
36 0.6525 0.580396 0.025 0.0903084
8 0.861667 0.67511 0.0266667 0.0903084
27 0.235833 0.795154 0.0183333 0.0704846
13 0.466667 0.671806 0.02 0.0704846
17 0.324167 0.337004 0.025 0.0969163
28 0.0666667 0.344714 0.0433333 0.0814978
33 0.0383333 0.817181 0.0233333 0.0704846
18 0.588333 0.464758 0.0266667 0.0969163
1 0.985833 0.214758 0.0183333 0.10793
22 0.449167 0.80837 0.025 0.0792952
2 0.0441667 0.190529 0.025 0.134361
14 0.323333 0.580396 0.0266667 0.0814978
18 0.388333 0.45815 0.0333333 0.0969163
15 0.4525 0.557269 0.025 0.0660793
15 0.354167 0.570485 0.0283333 0.0837004
26 0.764167 0.219163 0.025 0.0991189
10 0.943333 0.567181 0.02 0.0903084
40 0.635833 0.343612 0.0283333 0.0969163
14 0.36 0.685022 0.0233333 0.0837004
25 0.505 0.220264 0.0266667 0.0969163
21 0.473333 0.220264 0.0233333 0.092511
37 0.598333 0.660793 0.03 0.0660793
18 0.553333 0.459251 0.0266667 0.0947137
18 0.271667 0.331498 0.0233333 0.0991189
33 0.695 0.798458 0.02 0.0726872
37 0.618333 0.655286 0.0166667 0.0506608
34 0.526667 0.45815 0.0233333 0.0881057
26 0.791667 0.218062 0.0233333 0.101322
11 0.840833 0.459251 0.025 0.0991189
25 0.533333 0.218062 0.0266667 0.0969163
27 0.1775 0.813877 0.0216667 0.0726872
33 0.18 0.551762 0.02 0.0638767
11 0.81 0.455947 0.0233333 0.101322
1 0.939167 0.209251 0.0216667 0.118943
18 0.244167 0.455947 0.025 0.0881057
31 0.498333 0.702643 0.0233333 0.092511
18 0.526667 0.455947 0.0233333 0.0881057
11 0.898333 0.345815 0.0266667 0.0969163
14 0.333333 0.683921 0.0233333 0.0726872
4 0.84 0.674009 0.02 0.092511
15 0.399167 0.579295 0.025 0.0748899
28 0.205833 0.329295 0.0216667 0.0903084
22 0.393333 0.334802 0.0233333 0.0837004
15 0.47 0.553965 0.03 0.0682819
22 0.419167 0.3337 0.025 0.0859031
32 0.64 0.45815 0.0233333 0.0837004
4 0.743333 0.65859 0.02 0.0528634
32 0.664167 0.455947 0.0216667 0.0792952
24 0.503333 0.811674 0.0233333 0.0814978
24 0.750833 0.454846 0.025 0.0770925
18 0.356667 0.459251 0.0266667 0.0947137
4 0.849167 0.214758 0.0183333 0.103524
34 0.554167 0.457048 0.025 0.0947137
26 0.735833 0.218062 0.025 0.101322
33 0.101667 0.460352 0.0233333 0.0792952
24 0.5275 0.792952 0.0216667 0.0748899
4 0.825 0.212555 0.0266667 0.0991189
18 0.249167 0.331498 0.0216667 0.0947137
39 0.226667 0.215859 0.0233333 0.092511
31 0.603333 0.773128 0.02 0.0572687
27 0.2575 0.814978 0.0216667 0.0748899
11 0.946667 0.342511 0.0233333 0.0991189
25 0.616667 0.221366 0.02 0.0903084
4 0.868333 0.213656 0.02 0.101322
11 0.84 0.343612 0.0233333 0.092511
21 0.3875 0.218062 0.0216667 0.092511
28 0.765 0.579295 0.02 0.0837004
27 0.201667 0.814978 0.0233333 0.0704846
21 0.445833 0.221366 0.025 0.0947137
37 0.37 0.814978 0.0233333 0.0748899
25 0.648333 0.220264 0.0233333 0.092511
31 0.550833 0.670705 0.0216667 0.0638767
31 0.669167 0.807269 0.0216667 0.0814978
33 0.0916667 0.573789 0.0233333 0.0814978
33 0.1425 0.452643 0.0283333 0.0859031
25 0.563333 0.222467 0.0266667 0.092511
25 0.590833 0.220264 0.025 0.0969163
28 0.185 0.332599 0.02 0.0881057
18 0.415 0.462555 0.0266667 0.101322
31 0.579167 0.774229 0.0183333 0.0594714
17 0.245833 0.331498 0.0216667 0.0991189
21 0.415 0.221366 0.0266667 0.0991189
31 0.6425 0.810573 0.025 0.0792952
33 0.118333 0.570485 0.0233333 0.0748899
4 0.801667 0.665198 0.02 0.0792952
17 0.273333 0.330396 0.0233333 0.101322
15 0.4275 0.582599 0.025 0.0770925
37 0.511667 0.346916 0.0266667 0.0903084
28 0.0183333 0.471366 0.0266667 0.0881057
28 0.05 0.470264 0.0266667 0.0859031
37 0.343333 0.801762 0.02 0.0704846
39 0.176667 0.20815 0.0266667 0.0947137
39 0.3425 0.211454 0.0283333 0.105727
18 0.471667 0.461454 0.0266667 0.103524
37 0.3175 0.800661 0.0216667 0.0682819
31 0.525 0.689427 0.0233333 0.0704846
33 0.181667 0.459251 0.0266667 0.0859031
28 0.0158333 0.344714 0.025 0.0859031
18 0.4425 0.45815 0.025 0.101322
28 0.0858333 0.344714 0.025 0.0903084
39 0.2575 0.214758 0.025 0.0947137
28 0.055 0.345815 0.0233333 0.092511
22 0.445833 0.332599 0.0216667 0.0881057
39 0.3125 0.211454 0.0283333 0.110132
