32 0.530833 0.577093 0.0283333 0.092511
12 0.899167 0.796256 0.0416667 0.0947137
8 0.924167 0.685022 0.0216667 0.0969163
12 0.9125 0.797357 0.0216667 0.0969163
18 0.3675 0.460352 0.0616667 0.101322
32 0.675 0.580396 0.0266667 0.0859031
15 0.329167 0.571586 0.025 0.0814978
2 0.0566667 0.192731 0.0266667 0.134361
1 0.993333 0.219163 0.0133333 0.103524
34 0.518333 0.464758 0.0566667 0.092511
41 0.605 0.343612 0.03 0.092511
4 0.816667 0.659692 0.0166667 0.0682819
24 0.748333 0.580396 0.0433333 0.0814978
13 0.411667 0.697137 0.0233333 0.0859031
5 0.938333 0.457048 0.0233333 0.0991189
22 0.451667 0.812775 0.0266667 0.0792952
39 0.260833 0.21696 0.0516667 0.10793
37 0.354167 0.818282 0.0483333 0.0770925
18 0.5325 0.468062 0.0283333 0.0991189
43 0.065 0.814978 0.0233333 0.0704846
2 0.0291667 0.190529 0.025 0.138767
25 0.705833 0.214758 0.0283333 0.0991189
8 0.86 0.686123 0.04 0.0991189
14 0.3675 0.668502 0.0216667 0.0814978
39 0.323333 0.211454 0.06 0.101322
17 0.315833 0.340308 0.025 0.0991189
39 0.290833 0.212555 0.0583333 0.103524
26 0.754167 0.21696 0.055 0.0991189
27 0.241667 0.816079 0.0466667 0.0682819
12 0.801667 0.798458 0.0333333 0.0903084
37 0.5425 0.342511 0.025 0.0947137
31 0.466667 0.694934 0.0233333 0.0859031
33 0.115833 0.581498 0.0316667 0.0792952
2 0.0116667 0.188326 0.02 0.143172
25 0.59 0.214758 0.06 0.0947137
1 0.9575 0.214758 0.025 0.0991189
27 0.0916667 0.818282 0.0233333 0.0682819
27 0.2225 0.816079 0.0383333 0.0682819
8 0.900833 0.685022 0.0283333 0.101322
12 0.799167 0.462555 0.0216667 0.092511
11 0.896667 0.340308 0.0233333 0.0859031
12 0.8225 0.460352 0.0216667 0.0969163
2 0.116667 0.192731 0.0266667 0.143172
11 0.889167 0.339207 0.0183333 0.0792952
27 0.151667 0.810573 0.0233333 0.0660793
2 0.0858333 0.193833 0.025 0.136564
40 0.668333 0.340308 0.0266667 0.0947137
15 0.3575 0.570485 0.025 0.0837004
18 0.503333 0.465859 0.0233333 0.0991189
11 0.800833 0.461454 0.0216667 0.0947137
14 0.3275 0.570485 0.025 0.0792952
15 0.470833 0.552863 0.0216667 0.0704846
11 0.87 0.330396 0.0166667 0.0792952
14 0.301667 0.570485 0.0233333 0.0792952
13 0.39 0.6663 0.02 0.0726872
31 0.499167 0.698238 0.025 0.092511
27 0.119167 0.814978 0.025 0.0704846
22 0.380833 0.339207 0.025 0.0969163
16 0.249167 0.69163 0.0216667 0.0792952
13 0.439167 0.696035 0.0216667 0.0837004
14 0.274167 0.689427 0.0183333 0.0748899
24 0.764167 0.580396 0.025 0.0859031
34 0.531667 0.468062 0.0266667 0.0991189
11 0.99 0.338106 0.0166667 0.0991189
24 0.740833 0.468062 0.025 0.0903084
22 0.471667 0.343612 0.0266667 0.092511
14 0.300833 0.697137 0.025 0.0859031
24 0.530833 0.810573 0.025 0.0837004
4 0.861667 0.214758 0.03 0.103524
40 0.636667 0.343612 0.03 0.0969163
28 0.015 0.703744 0.0266667 0.0814978
31 0.575833 0.667401 0.0216667 0.0704846
32 0.7125 0.468062 0.0283333 0.0903084
34 0.59 0.46696 0.0233333 0.0969163
24 0.735833 0.579295 0.025 0.0837004
4 0.795 0.660793 0.0233333 0.0660793
1 0.928333 0.215859 0.0233333 0.105727
4 0.8275 0.214758 0.0216667 0.103524
28 0.106667 0.46696 0.0266667 0.0969163
1 0.900833 0.212555 0.025 0.10793
31 0.669167 0.811674 0.0283333 0.0814978
32 0.620833 0.468062 0.0283333 0.0903084
33 0.1075 0.470264 0.0283333 0.0947137
11 0.9075 0.340308 0.0183333 0.0903084
12 0.790833 0.800661 0.0216667 0.0859031
17 0.273333 0.337004 0.0266667 0.0969163
24 0.504167 0.810573 0.0216667 0.0837004
12 0.818333 0.799559 0.02 0.092511
28 0.015 0.557269 0.02 0.0660793
20 0.0908333 0.817181 0.025 0.0704846
26 0.705 0.21696 0.0266667 0.0947137
15 0.415 0.570485 0.0233333 0.0792952
32 0.650833 0.468062 0.0283333 0.0947137
15 0.386667 0.571586 0.0233333 0.0770925
14 0.328333 0.699339 0.0233333 0.0859031
26 0.7375 0.214758 0.025 0.10793
15 0.445833 0.571586 0.0283333 0.0814978
26 0.8 0.21696 0.0266667 0.10793
18 0.195833 0.339207 0.025 0.110132
27 0.178333 0.816079 0.0266667 0.0682819
12 0.863333 0.797357 0.02 0.092511
28 0.0741667 0.703744 0.025 0.0770925
37 0.5125 0.344714 0.0283333 0.0947137
31 0.523333 0.682819 0.0233333 0.0792952
32 0.119167 0.581498 0.025 0.0837004
32 0.181667 0.575991 0.0266667 0.0859031
17 0.246667 0.337004 0.0233333 0.0969163
18 0.381667 0.459251 0.0266667 0.0991189
18 0.414167 0.461454 0.025 0.0991189
21 0.3775 0.213656 0.025 0.105727
32 0.146667 0.581498 0.0266667 0.0837004
34 0.563333 0.470264 0.0266667 0.0991189
24 0.5575 0.802863 0.0216667 0.0770925
33 0.725 0.817181 0.0266667 0.0792952
4 0.761667 0.653084 0.0233333 0.0550661
18 0.441667 0.462555 0.0266667 0.0969163
18 0.204167 0.46696 0.0283333 0.0969163
33 0.7 0.814978 0.0233333 0.0792952
1 0.971667 0.212555 0.0233333 0.0991189
26 0.771667 0.21696 0.0266667 0.103524
28 0.110833 0.3337 0.025 0.0859031
31 0.548333 0.683921 0.0233333 0.0814978
18 0.4725 0.463656 0.0283333 0.0991189
31 0.5875 0.809471 0.025 0.0814978
25 0.569167 0.215859 0.025 0.092511
28 0.045 0.704846 0.0266667 0.0792952
18 0.264167 0.463656 0.0283333 0.0947137
33 0.0591667 0.582599 0.025 0.0814978
31 0.638333 0.799559 0.02 0.0660793
27 0.256667 0.812775 0.0233333 0.0704846
27 0.2025 0.814978 0.025 0.0704846
37 0.2875 0.811674 0.0216667 0.0726872
31 0.614167 0.811674 0.0216667 0.0770925
39 0.31 0.213656 0.0266667 0.105727
32 0.681667 0.468062 0.03 0.0903084
21 0.4725 0.215859 0.025 0.0969163
22 0.44 0.339207 0.0266667 0.092511
37 0.5975 0.6663 0.025 0.0682819
37 0.631667 0.682819 0.0233333 0.0837004
33 0.170833 0.46696 0.0283333 0.0969163
39 0.338333 0.211454 0.0266667 0.105727
25 0.671667 0.21696 0.03 0.0991189
28 0.0183333 0.468062 0.0266667 0.0859031
28 0.0733333 0.345815 0.0266667 0.092511
17 0.1975 0.335903 0.0283333 0.10793
18 0.351667 0.462555 0.0266667 0.105727
37 0.34 0.816079 0.0233333 0.0770925
28 0.0775 0.468062 0.025 0.0947137
37 0.3125 0.813877 0.025 0.0770925
22 0.410833 0.338106 0.025 0.0991189
39 0.2075 0.21696 0.0283333 0.0947137
39 0.1775 0.212555 0.025 0.0991189
37 0.368333 0.814978 0.0266667 0.0792952
25 0.6075 0.218062 0.0283333 0.101322
11 0.966667 0.342511 0.0266667 0.0991189
33 0.1375 0.468062 0.0283333 0.0947137
11 0.93 0.344714 0.0233333 0.0991189
21 0.44 0.213656 0.0333333 0.101322
11 0.801667 0.342511 0.0233333 0.0947137
39 0.2425 0.212555 0.0283333 0.10793
11 0.830833 0.343612 0.0283333 0.092511
25 0.64 0.218062 0.03 0.101322
28 0.0241667 0.351322 0.0283333 0.0947137
28 0.0458333 0.468062 0.0283333 0.0991189
39 0.275 0.212555 0.0266667 0.10793
21 0.408333 0.215859 0.03 0.101322
