15 0.2075 0.575991 0.0216667 0.0770925
28 0.055 0.468062 0.0633333 0.0903084
24 0.788333 0.465859 0.0466667 0.0814978
36 0.674167 0.580396 0.025 0.0859031
33 0.7125 0.810573 0.0483333 0.0704846
2 0.110833 0.183921 0.035 0.138767
22 0.419167 0.809471 0.035 0.0770925
32 0.590833 0.468062 0.025 0.0903084
32 0.666667 0.46696 0.0566667 0.0881057
21 0.355833 0.20815 0.065 0.103524
10 0.895 0.460352 0.0233333 0.092511
8 0.901667 0.688326 0.0333333 0.0947137
4 0.84 0.571586 0.0233333 0.0814978
16 0.243333 0.697137 0.0266667 0.0770925
27 0.215833 0.80837 0.0316667 0.0660793
18 0.498333 0.464758 0.0333333 0.092511
27 0.0916667 0.817181 0.0233333 0.0704846
30 0.13 0.701542 0.0266667 0.0770925
32 0.714167 0.465859 0.025 0.0903084
8 0.860833 0.688326 0.0416667 0.0991189
11 0.8125 0.340308 0.0183333 0.0991189
6 0.935833 0.797357 0.0216667 0.092511
28 0.776667 0.46696 0.0266667 0.0881057
24 0.7025 0.580396 0.025 0.0814978
32 0.62 0.579295 0.0233333 0.0837004
6 0.983333 0.795154 0.0233333 0.0881057
37 0.476667 0.809471 0.0266667 0.0814978
10 0.96 0.570485 0.03 0.0792952
26 0.755833 0.21696 0.0583333 0.0947137
40 0.668333 0.348018 0.0266667 0.092511
25 0.771667 0.21696 0.0266667 0.0991189
19 0.285 0.34141 0.0266667 0.105727
25 0.5575 0.213656 0.0616667 0.0969163
22 0.395833 0.80837 0.025 0.0792952
28 0.743333 0.46696 0.03 0.0881057
32 0.1775 0.577093 0.025 0.0837004
4 0.813333 0.571586 0.0166667 0.0814978
12 0.828333 0.461454 0.02 0.0947137
11 0.986667 0.677313 0.0166667 0.0947137
31 0.499167 0.697137 0.025 0.0947137
4 0.805833 0.681718 0.0216667 0.0947137
34 0.589167 0.468062 0.0283333 0.0991189
18 0.323333 0.461454 0.03 0.0991189
33 0.0891667 0.580396 0.0283333 0.0859031
17 0.323333 0.463656 0.0266667 0.0991189
22 0.375 0.342511 0.0333333 0.103524
11 0.970833 0.682819 0.0216667 0.092511
14 0.293333 0.580396 0.0266667 0.0859031
12 0.818333 0.801762 0.02 0.0837004
27 0.120833 0.812775 0.025 0.0704846
37 0.543333 0.344714 0.0266667 0.0947137
18 0.233333 0.465859 0.0266667 0.0991189
4 0.841667 0.685022 0.0366667 0.0969163
26 0.788333 0.219163 0.05 0.0947137
18 0.3825 0.462555 0.0283333 0.101322
34 0.56 0.46696 0.0266667 0.0969163
32 0.119167 0.580396 0.025 0.0859031
16 0.215833 0.698238 0.025 0.0792952
28 0.015 0.702643 0.0266667 0.0837004
28 0.761667 0.581498 0.0266667 0.0837004
40 0.638333 0.345815 0.03 0.092511
32 0.146667 0.580396 0.0266667 0.0859031
28 0.0733333 0.704846 0.0266667 0.0748899
34 0.5025 0.46696 0.0216667 0.0969163
15 0.3225 0.578194 0.0283333 0.0859031
18 0.2525 0.340308 0.0283333 0.112335
31 0.5875 0.80837 0.0283333 0.0837004
14 0.328333 0.696035 0.0233333 0.0837004
12 0.865833 0.797357 0.0216667 0.0881057
4 0.9025 0.214758 0.0183333 0.0991189
2 0.0858333 0.187225 0.0216667 0.136564
25 0.7075 0.215859 0.025 0.101322
15 0.2625 0.578194 0.0216667 0.0726872
2 0.0241667 0.181718 0.0283333 0.151982
18 0.2925 0.463656 0.0283333 0.0991189
27 0.145833 0.814978 0.0283333 0.0748899
18 0.3525 0.462555 0.0283333 0.101322
31 0.554167 0.693833 0.025 0.0881057
34 0.53 0.46696 0.0266667 0.0969163
32 0.654167 0.46696 0.025 0.092511
32 0.683333 0.468062 0.0266667 0.0947137
15 0.236667 0.579295 0.0266667 0.0704846
18 0.470833 0.463656 0.025 0.0991189
32 0.621667 0.468062 0.0266667 0.0947137
25 0.576667 0.214758 0.03 0.103524
2 0.0541667 0.183921 0.025 0.138767
26 0.704167 0.21696 0.025 0.0947137
4 0.813333 0.683921 0.02 0.0947137
15 0.380833 0.577093 0.025 0.0748899
24 0.5325 0.807269 0.025 0.0814978
18 0.2625 0.464758 0.0283333 0.101322
28 0.735 0.579295 0.0266667 0.0837004
18 0.194167 0.338106 0.035 0.10793
14 0.320833 0.577093 0.025 0.0792952
1 0.938333 0.205947 0.03 0.121145
1 0.981667 0.207048 0.0233333 0.118943
10 0.964167 0.462555 0.0216667 0.0969163
31 0.6175 0.809471 0.0216667 0.0726872
13 0.44 0.696035 0.0233333 0.0881057
28 0.105833 0.465859 0.0283333 0.0947137
27 0.23 0.813877 0.0233333 0.0726872
17 0.2175 0.335903 0.035 0.112335
22 0.4475 0.806167 0.0316667 0.0837004
4 0.831667 0.215859 0.0233333 0.0969163
33 0.0608333 0.580396 0.025 0.0814978
22 0.473333 0.344714 0.0266667 0.0947137
2 0.1425 0.182819 0.0216667 0.140969
28 0.045 0.704846 0.0266667 0.0792952
18 0.560833 0.581498 0.025 0.0837004
25 0.540833 0.213656 0.0283333 0.105727
18 0.414167 0.463656 0.025 0.0991189
15 0.3525 0.579295 0.025 0.0704846
24 0.763333 0.580396 0.0266667 0.0859031
18 0.500833 0.577093 0.025 0.0881057
24 0.745 0.46696 0.0266667 0.0792952
27 0.2575 0.809471 0.025 0.0726872
15 0.440833 0.575991 0.0216667 0.0814978
26 0.8025 0.215859 0.025 0.101322
15 0.293333 0.579295 0.0266667 0.0792952
24 0.735 0.577093 0.0233333 0.0837004
20 0.0916667 0.816079 0.0233333 0.0726872
15 0.47 0.577093 0.0266667 0.0792952
4 0.829167 0.683921 0.0216667 0.0859031
37 0.5125 0.346916 0.0283333 0.0947137
31 0.524167 0.693833 0.025 0.0881057
27 0.2075 0.801762 0.0216667 0.0704846
26 0.738333 0.215859 0.0266667 0.101322
4 0.856667 0.212555 0.0233333 0.103524
31 0.67 0.809471 0.0266667 0.0726872
24 0.504167 0.805066 0.025 0.0814978
15 0.410833 0.579295 0.025 0.0748899
33 0.725 0.812775 0.0233333 0.0748899
18 0.529167 0.575991 0.025 0.0859031
26 0.7725 0.21696 0.0283333 0.0991189
31 0.6425 0.809471 0.025 0.0814978
33 0.169167 0.465859 0.0283333 0.0947137
33 0.699167 0.811674 0.025 0.0814978
11 0.925 0.339207 0.0233333 0.0969163
28 0.0741667 0.469163 0.0316667 0.0881057
18 0.4425 0.462555 0.025 0.0969163
17 0.251667 0.338106 0.0266667 0.10793
17 0.190833 0.339207 0.025 0.110132
27 0.175 0.811674 0.0233333 0.0726872
22 0.443333 0.343612 0.0266667 0.0969163
4 0.880833 0.213656 0.0183333 0.101322
25 0.5075 0.213656 0.025 0.101322
24 0.56 0.80837 0.0266667 0.0792952
11 0.835 0.34141 0.0266667 0.0969163
18 0.221667 0.339207 0.0266667 0.118943
18 0.204167 0.465859 0.0283333 0.0947137
11 0.950833 0.339207 0.025 0.101322
39 0.1775 0.210352 0.0283333 0.0991189
4 0.78 0.688326 0.0233333 0.103524
37 0.581667 0.696035 0.0233333 0.0881057
37 0.610833 0.694934 0.025 0.0859031
37 0.34 0.813877 0.0233333 0.0770925
28 0.0191667 0.465859 0.025 0.0859031
39 0.305833 0.212555 0.0283333 0.0991189
22 0.410833 0.342511 0.025 0.0991189
37 0.288333 0.810573 0.0233333 0.0704846
25 0.6075 0.21696 0.0283333 0.103524
39 0.338333 0.211454 0.03 0.101322
25 0.671667 0.215859 0.03 0.101322
37 0.636667 0.692731 0.02 0.0814978
21 0.373333 0.213656 0.0266667 0.105727
11 0.978333 0.340308 0.0233333 0.103524
28 0.0591667 0.345815 0.0283333 0.092511
21 0.475 0.212555 0.0266667 0.103524
37 0.314167 0.811674 0.025 0.0770925
21 0.440833 0.210352 0.0316667 0.10793
33 0.138333 0.465859 0.0266667 0.0947137
11 0.8725 0.34141 0.025 0.092511
28 0.0458333 0.465859 0.0283333 0.0947137
39 0.2075 0.212555 0.0283333 0.0991189
39 0.2425 0.210352 0.0283333 0.0991189
28 0.0258333 0.349119 0.0283333 0.0947137
11 0.900833 0.340308 0.0216667 0.0991189
21 0.4075 0.213656 0.0283333 0.105727
25 0.640833 0.21696 0.0283333 0.103524
