25 0.658333 0.21696 0.05 0.0991189
4 0.968333 0.223568 0.0233333 0.0859031
4 0.983333 0.655286 0.0233333 0.0594714
22 0.394167 0.331498 0.0216667 0.0903084
14 0.27 0.699339 0.0233333 0.0770925
39 0.325 0.215859 0.05 0.092511
28 0.0166667 0.702643 0.0266667 0.0837004
37 0.604167 0.654185 0.035 0.0572687
17 0.335 0.348018 0.0266667 0.0969163
11 0.8575 0.344714 0.0416667 0.0859031
1 0.968333 0.220264 0.0266667 0.0837004
33 0.129167 0.463656 0.0616667 0.0859031
14 0.300833 0.699339 0.025 0.0814978
2 0.0525 0.196035 0.0183333 0.132159
11 0.939167 0.343612 0.0483333 0.0881057
18 0.193333 0.343612 0.0266667 0.101322
25 0.5875 0.215859 0.055 0.092511
37 0.543333 0.342511 0.0266667 0.0903084
32 0.135 0.569383 0.0266667 0.0859031
31 0.624167 0.778634 0.0283333 0.0594714
4 0.85 0.690529 0.0266667 0.0947137
24 0.106667 0.469163 0.0266667 0.092511
6 0.958333 0.780837 0.0266667 0.0770925
32 0.7025 0.463656 0.025 0.0903084
24 0.78 0.468062 0.0333333 0.0859031
24 0.735 0.553965 0.0166667 0.0682819
34 0.586667 0.459251 0.03 0.0859031
28 0.0141667 0.345815 0.0283333 0.0837004
25 0.520833 0.219163 0.055 0.0947137
16 0.215833 0.703744 0.025 0.0770925
22 0.456667 0.344714 0.0466667 0.0947137
37 0.615 0.655286 0.02 0.0550661
18 0.555 0.459251 0.0266667 0.0947137
37 0.329167 0.810573 0.0483333 0.0704846
14 0.3575 0.570485 0.025 0.0748899
28 0.164167 0.345815 0.0316667 0.0881057
14 0.359167 0.687225 0.025 0.0881057
31 0.511667 0.665198 0.0466667 0.0704846
25 0.550833 0.21696 0.0516667 0.0903084
13 0.441667 0.672907 0.0233333 0.0814978
2 0.0241667 0.194934 0.0283333 0.134361
6 0.9475 0.785242 0.0283333 0.0814978
15 0.3025 0.569383 0.0283333 0.0814978
27 0.095 0.820485 0.0266667 0.0682819
26 0.7625 0.221366 0.025 0.103524
15 0.3575 0.570485 0.025 0.0792952
11 0.971667 0.338106 0.0366667 0.0903084
6 0.8975 0.788546 0.0183333 0.0660793
37 0.293333 0.800661 0.02 0.0682819
14 0.303333 0.569383 0.0266667 0.0814978
6 0.861667 0.796256 0.02 0.0814978
4 0.949167 0.651982 0.0183333 0.0440529
14 0.331667 0.567181 0.0233333 0.0726872
4 0.856667 0.21696 0.02 0.0903084
28 0.0466667 0.702643 0.0233333 0.0792952
20 0.0891667 0.816079 0.0216667 0.0682819
13 0.389167 0.679515 0.025 0.0814978
4 0.88 0.215859 0.0233333 0.092511
40 0.638333 0.346916 0.03 0.0947137
6 0.85 0.690529 0.0233333 0.0947137
26 0.79 0.221366 0.0233333 0.103524
24 0.523333 0.774229 0.0166667 0.0550661
11 0.815 0.34141 0.02 0.0881057
21 0.4725 0.215859 0.025 0.0969163
31 0.4675 0.670705 0.0216667 0.0770925
34 0.525833 0.459251 0.025 0.0947137
43 0.0241667 0.805066 0.0216667 0.0682819
24 0.501667 0.781938 0.02 0.0704846
27 0.12 0.814978 0.0233333 0.0704846
14 0.335 0.687225 0.0233333 0.0837004
6 0.900833 0.689427 0.0216667 0.0881057
33 0.17 0.564978 0.0233333 0.0726872
22 0.45 0.812775 0.0266667 0.0881057
32 0.675 0.461454 0.0266667 0.0859031
32 0.1725 0.562775 0.025 0.0726872
37 0.585 0.654185 0.0266667 0.0528634
17 0.195833 0.338106 0.025 0.0991189
15 0.386667 0.572687 0.0233333 0.0792952
6 0.918333 0.786344 0.02 0.0748899
13 0.413333 0.681718 0.0233333 0.0814978
18 0.233333 0.465859 0.0266667 0.0991189
39 0.338333 0.343612 0.03 0.101322
18 0.471667 0.45815 0.0233333 0.0969163
27 0.145833 0.816079 0.025 0.0726872
1 0.938333 0.21696 0.0233333 0.0991189
31 0.545 0.661894 0.02 0.0638767
25 0.673333 0.218062 0.0333333 0.092511
15 0.413333 0.570485 0.0233333 0.0792952
4 0.768333 0.67511 0.0233333 0.0903084
33 0.105 0.571586 0.0233333 0.0770925
33 0.179167 0.464758 0.0216667 0.0881057
18 0.578333 0.561674 0.0233333 0.0704846
31 0.498333 0.668502 0.0233333 0.0726872
31 0.5225 0.669604 0.0216667 0.0660793
25 0.536667 0.219163 0.0233333 0.0991189
18 0.614167 0.572687 0.0216667 0.0837004
6 0.966667 0.778634 0.02 0.0726872
39 0.345833 0.218062 0.025 0.0969163
25 0.565833 0.221366 0.025 0.0947137
27 0.231667 0.819383 0.0233333 0.0660793
4 0.813333 0.678414 0.0233333 0.0837004
4 0.815 0.220264 0.0233333 0.0969163
34 0.554167 0.460352 0.025 0.0969163
15 0.444167 0.568282 0.025 0.0881057
27 0.264167 0.837004 0.025 0.0792952
4 0.741667 0.665198 0.02 0.0660793
31 0.663333 0.792952 0.0233333 0.0837004
25 0.505833 0.219163 0.0283333 0.103524
37 0.57 0.654185 0.02 0.0572687
31 0.603333 0.774229 0.02 0.0594714
31 0.579167 0.774229 0.0183333 0.0594714
21 0.369167 0.214758 0.0316667 0.0991189
24 0.7425 0.469163 0.025 0.0792952
18 0.2625 0.464758 0.0283333 0.105727
27 0.173333 0.817181 0.0233333 0.0704846
33 0.0766667 0.57489 0.0266667 0.0748899
18 0.551667 0.559471 0.0233333 0.0748899
4 0.8375 0.219163 0.0216667 0.0947137
31 0.635833 0.784141 0.0216667 0.0704846
15 0.47 0.572687 0.0233333 0.0748899
11 0.955 0.342511 0.0266667 0.0947137
18 0.443333 0.45815 0.0233333 0.092511
33 0.135 0.571586 0.0266667 0.0859031
11 0.919167 0.343612 0.0283333 0.0969163
22 0.473333 0.342511 0.0266667 0.0947137
11 0.840833 0.343612 0.025 0.0969163
22 0.443333 0.340308 0.0233333 0.0947137
37 0.340833 0.814978 0.025 0.0704846
33 0.725833 0.810573 0.0216667 0.0792952
39 0.3075 0.212555 0.025 0.103524
18 0.204167 0.465859 0.0283333 0.0991189
11 0.9825 0.339207 0.0216667 0.101322
18 0.415833 0.45815 0.025 0.0969163
37 0.5125 0.343612 0.0283333 0.092511
27 0.2 0.834802 0.0233333 0.0704846
11 0.8975 0.343612 0.0183333 0.0881057
33 0.150833 0.46696 0.025 0.0881057
33 0.108333 0.468062 0.0266667 0.0859031
28 0.0583333 0.344714 0.0266667 0.0947137
18 0.383333 0.460352 0.0266667 0.101322
33 0.699167 0.80837 0.025 0.0792952
28 0.133333 0.35022 0.0233333 0.0881057
28 0.06 0.468062 0.0266667 0.0859031
39 0.21 0.213656 0.03 0.092511
28 0.0891667 0.344714 0.0316667 0.0903084
37 0.368333 0.816079 0.0233333 0.0770925
11 0.87 0.344714 0.0266667 0.0947137
39 0.241667 0.215859 0.0233333 0.0969163
37 0.315833 0.803965 0.0216667 0.0704846
28 0.0208333 0.471366 0.0316667 0.0881057
39 0.1775 0.211454 0.0283333 0.101322
28 0.0258333 0.349119 0.0283333 0.0947137
25 0.603333 0.218062 0.0266667 0.101322
25 0.639167 0.218062 0.0316667 0.105727
21 0.439167 0.214758 0.0283333 0.103524
21 0.406667 0.214758 0.03 0.103524
