28 0.0716667 0.700441 0.0266667 0.0792952
14 0.27 0.699339 0.0233333 0.0770925
18 0.611667 0.578194 0.0233333 0.0859031
4 0.814167 0.687225 0.035 0.092511
13 0.413333 0.696035 0.0233333 0.0881057
15 0.354167 0.572687 0.025 0.0837004
37 0.401667 0.810573 0.03 0.0748899
33 0.711667 0.810573 0.0433333 0.0748899
10 0.913333 0.459251 0.0233333 0.0991189
24 0.7875 0.464758 0.0416667 0.0837004
26 0.75 0.221366 0.05 0.0947137
4 0.9825 0.563877 0.0216667 0.0792952
28 0.101667 0.344714 0.06 0.0947137
25 0.625833 0.21696 0.0516667 0.0991189
28 0.0175 0.702643 0.025 0.0837004
36 0.6975 0.57489 0.035 0.0881057
43 0.0183333 0.705947 0.0233333 0.0770925
12 0.846667 0.460352 0.0233333 0.101322
20 0.0858333 0.816079 0.025 0.0682819
32 0.633333 0.462555 0.0533333 0.0837004
33 0.768333 0.799559 0.02 0.0837004
18 0.643333 0.578194 0.0233333 0.0859031
24 0.795 0.572687 0.0233333 0.0837004
4 0.905833 0.212555 0.0283333 0.103524
6 0.8525 0.687225 0.0216667 0.092511
33 0.130833 0.468062 0.0616667 0.0947137
26 0.7075 0.21696 0.025 0.0991189
11 0.835833 0.343612 0.0383333 0.101322
6 0.956667 0.797357 0.02 0.0837004
31 0.5875 0.778634 0.0416667 0.0638767
34 0.504167 0.468062 0.025 0.0991189
40 0.67 0.348018 0.03 0.092511
17 0.240833 0.338106 0.0516667 0.103524
33 0.0725 0.801762 0.0183333 0.0704846
14 0.355 0.572687 0.0233333 0.0792952
37 0.5425 0.344714 0.025 0.0947137
26 0.803333 0.218062 0.0233333 0.101322
33 0.015 0.814978 0.0266667 0.0748899
2 0.115 0.19163 0.03 0.14978
11 0.855833 0.343612 0.045 0.092511
27 0.12 0.814978 0.0233333 0.0704846
12 0.825 0.460352 0.02 0.0969163
17 0.211667 0.34141 0.0533333 0.101322
22 0.45 0.813877 0.0266667 0.0814978
4 0.8425 0.686123 0.035 0.0903084
25 0.735833 0.218062 0.025 0.101322
15 0.263333 0.579295 0.0233333 0.0748899
20 0.145833 0.819383 0.025 0.0704846
34 0.533333 0.471366 0.0266667 0.101322
40 0.5975 0.342511 0.025 0.0903084
4 0.826667 0.21696 0.0233333 0.103524
14 0.33 0.571586 0.0233333 0.0770925
6 0.9825 0.79185 0.0216667 0.0903084
4 0.821667 0.570485 0.02 0.0881057
16 0.216667 0.703744 0.0233333 0.0814978
25 0.590833 0.212555 0.0583333 0.0991189
25 0.7075 0.215859 0.025 0.0969163
28 0.0475 0.701542 0.025 0.0770925
14 0.295833 0.581498 0.0283333 0.0837004
6 0.875 0.688326 0.0233333 0.0947137
11 0.896667 0.343612 0.0166667 0.0881057
8 0.899167 0.687225 0.0216667 0.092511
28 0.015 0.344714 0.03 0.0859031
15 0.295833 0.582599 0.0283333 0.0859031
37 0.6225 0.693833 0.045 0.0748899
2 0.0258333 0.19163 0.0283333 0.14978
14 0.359167 0.685022 0.0216667 0.0837004
24 0.108333 0.468062 0.0266667 0.0947137
33 0.113333 0.562775 0.0233333 0.0726872
34 0.59 0.46696 0.0233333 0.0969163
27 0.145833 0.817181 0.025 0.0748899
31 0.471667 0.697137 0.0266667 0.0903084
33 0.0516667 0.801762 0.02 0.0704846
1 0.971667 0.205947 0.0433333 0.112335
33 0.178333 0.464758 0.02 0.092511
1 0.934167 0.205947 0.025 0.121145
21 0.4725 0.215859 0.025 0.0969163
40 0.64 0.346916 0.03 0.0947137
34 0.5625 0.471366 0.025 0.0969163
18 0.2575 0.340308 0.025 0.112335
24 0.525 0.774229 0.02 0.0506608
32 0.618333 0.464758 0.0233333 0.0881057
4 0.839167 0.215859 0.0216667 0.101322
6 0.934167 0.795154 0.0216667 0.0969163
25 0.506667 0.21696 0.0266667 0.0991189
24 0.7425 0.470264 0.025 0.0770925
15 0.213333 0.580396 0.0233333 0.0814978
26 0.760833 0.219163 0.0216667 0.0947137
1 0.985833 0.210352 0.0216667 0.112335
27 0.2275 0.823789 0.0216667 0.0704846
32 0.711667 0.469163 0.03 0.0837004
28 0.754167 0.572687 0.0216667 0.0837004
18 0.388333 0.459251 0.0333333 0.0991189
39 0.373333 0.212555 0.0266667 0.103524
14 0.335 0.686123 0.0233333 0.0814978
32 0.645833 0.464758 0.025 0.0881057
22 0.3775 0.344714 0.025 0.0991189
4 0.854167 0.213656 0.0183333 0.101322
2 0.143333 0.190529 0.0233333 0.160793
26 0.735833 0.218062 0.025 0.0969163
18 0.193333 0.34141 0.03 0.105727
31 0.500833 0.698238 0.025 0.0881057
18 0.229167 0.337004 0.025 0.105727
4 0.804167 0.685022 0.0216667 0.0837004
11 0.924167 0.342511 0.025 0.0903084
15 0.385 0.581498 0.0233333 0.0837004
13 0.441667 0.696035 0.0233333 0.0837004
25 0.541667 0.214758 0.03 0.10793
22 0.473333 0.344714 0.0266667 0.0947137
28 0.151667 0.342511 0.0266667 0.0991189
4 0.745833 0.661894 0.0216667 0.0638767
27 0.173333 0.823789 0.02 0.0660793
15 0.414167 0.572687 0.025 0.0837004
25 0.574167 0.214758 0.0283333 0.10793
11 0.819167 0.342511 0.0216667 0.0991189
4 0.8775 0.212555 0.025 0.10793
31 0.605 0.77533 0.02 0.0572687
18 0.233333 0.464758 0.0266667 0.0969163
31 0.580833 0.778634 0.0183333 0.0594714
37 0.514167 0.345815 0.0283333 0.092511
33 0.11 0.465859 0.0266667 0.0947137
31 0.524167 0.696035 0.025 0.0748899
37 0.29 0.799559 0.02 0.0704846
33 0.725 0.813877 0.0233333 0.0770925
15 0.443333 0.578194 0.0233333 0.0814978
15 0.471667 0.571586 0.0233333 0.0770925
21 0.373333 0.214758 0.0266667 0.0991189
4 0.83 0.681718 0.0166667 0.0814978
18 0.263333 0.460352 0.03 0.105727
39 0.334167 0.218062 0.0183333 0.092511
33 0.151667 0.465859 0.0233333 0.0947137
31 0.669167 0.806167 0.025 0.0837004
17 0.256667 0.3337 0.0266667 0.103524
27 0.25 0.839207 0.0233333 0.0704846
22 0.440833 0.342511 0.0283333 0.0947137
24 0.753333 0.571586 0.0266667 0.0814978
25 0.673333 0.21696 0.03 0.0991189
18 0.415 0.462555 0.0233333 0.101322
27 0.198333 0.835903 0.02 0.0726872
39 0.309167 0.210352 0.0283333 0.103524
33 0.699167 0.810573 0.025 0.0792952
18 0.475 0.461454 0.0266667 0.0991189
32 0.675833 0.463656 0.0283333 0.0859031
31 0.551667 0.689427 0.0233333 0.0792952
4 0.778333 0.687225 0.02 0.0969163
37 0.3425 0.814978 0.025 0.0704846
28 0.0191667 0.470264 0.0283333 0.0947137
24 0.503333 0.810573 0.0233333 0.0881057
28 0.09 0.344714 0.0266667 0.0947137
31 0.644167 0.80837 0.025 0.0837004
18 0.204167 0.464758 0.0283333 0.0969163
28 0.06 0.464758 0.0266667 0.0881057
37 0.635 0.689427 0.02 0.0748899
18 0.445833 0.459251 0.025 0.0947137
28 0.121667 0.342511 0.0266667 0.103524
28 0.0591667 0.345815 0.0283333 0.0969163
25 0.608333 0.218062 0.03 0.105727
37 0.368333 0.816079 0.0233333 0.0770925
37 0.61 0.694934 0.0233333 0.0814978
39 0.176667 0.211454 0.0266667 0.101322
37 0.580833 0.687225 0.0216667 0.0748899
11 0.870833 0.34141 0.025 0.0969163
22 0.41 0.344714 0.0266667 0.0991189
37 0.315 0.817181 0.0233333 0.0748899
21 0.439167 0.214758 0.0283333 0.103524
39 0.21 0.213656 0.03 0.0969163
28 0.0266667 0.35022 0.0266667 0.092511
21 0.406667 0.214758 0.03 0.103524
39 0.2425 0.212555 0.025 0.0991189
25 0.641667 0.218062 0.03 0.105727
