39 0.259167 0.209251 0.065 0.101322
31 0.6225 0.77533 0.025 0.061674
12 0.781667 0.797357 0.0433333 0.0881057
34 0.515833 0.463656 0.055 0.0903084
39 0.35 0.335903 0.0266667 0.10793
21 0.360833 0.207048 0.065 0.105727
31 0.568333 0.692731 0.0466667 0.0859031
25 0.620833 0.211454 0.0483333 0.092511
37 0.526667 0.343612 0.0533333 0.0969163
11 0.913333 0.339207 0.0433333 0.101322
4 0.970833 0.669604 0.0183333 0.0792952
33 0.163333 0.570485 0.0266667 0.0792952
43 0.0175 0.704846 0.025 0.0748899
34 0.53 0.468062 0.0266667 0.0947137
28 0.0291667 0.567181 0.025 0.0770925
22 0.395833 0.812775 0.025 0.0792952
28 0.744167 0.46696 0.0283333 0.092511
24 0.764167 0.579295 0.0216667 0.0837004
5 0.91 0.454846 0.03 0.0991189
31 0.468333 0.669604 0.0233333 0.0748899
22 0.3575 0.338106 0.0416667 0.103524
4 0.801667 0.668502 0.04 0.0859031
18 0.496667 0.462555 0.0366667 0.0969163
20 0.145833 0.813877 0.025 0.0726872
37 0.595 0.693833 0.0466667 0.0792952
25 0.729167 0.218062 0.025 0.0969163
5 0.941667 0.453745 0.02 0.0969163
10 0.963333 0.45815 0.0233333 0.0969163
32 0.619167 0.57489 0.0216667 0.0837004
12 0.8725 0.777533 0.0183333 0.092511
14 0.32 0.579295 0.0266667 0.0837004
33 0.1 0.469163 0.0433333 0.0881057
28 0.0141667 0.701542 0.025 0.0814978
22 0.38 0.339207 0.0266667 0.110132
10 0.959167 0.564978 0.0316667 0.0903084
37 0.394167 0.813877 0.025 0.0814978
28 0.0566667 0.345815 0.0466667 0.0837004
1 0.945833 0.204846 0.045 0.118943
14 0.305 0.685022 0.0233333 0.0792952
43 0.0141667 0.811674 0.025 0.0682819
39 0.295833 0.209251 0.0583333 0.105727
25 0.525833 0.212555 0.055 0.0991189
12 0.816667 0.794053 0.02 0.0991189
13 0.440833 0.672907 0.025 0.0770925
12 0.83 0.45815 0.02 0.0969163
16 0.215833 0.698238 0.0216667 0.0792952
14 0.295 0.580396 0.0266667 0.0991189
17 0.23 0.338106 0.0533333 0.103524
11 0.871667 0.778634 0.0166667 0.0903084
12 0.7925 0.796256 0.0183333 0.0947137
34 0.591667 0.465859 0.0266667 0.0947137
26 0.6975 0.215859 0.025 0.101322
12 0.853333 0.778634 0.02 0.0947137
10 0.970833 0.564978 0.0216667 0.0903084
1 0.984167 0.205947 0.0216667 0.11674
17 0.355833 0.457048 0.025 0.0991189
24 0.695833 0.80837 0.025 0.0837004
12 0.869167 0.454846 0.0216667 0.103524
4 0.838333 0.213656 0.0233333 0.0969163
18 0.414167 0.457048 0.0216667 0.0991189
17 0.2925 0.3337 0.025 0.103524
28 0.0716667 0.700441 0.03 0.0748899
40 0.631667 0.344714 0.0266667 0.0947137
14 0.338333 0.664097 0.02 0.0638767
33 0.719167 0.799559 0.0183333 0.0660793
17 0.325 0.460352 0.0266667 0.0969163
26 0.728333 0.215859 0.0266667 0.0969163
2 0.0858333 0.181718 0.0283333 0.143172
24 0.579167 0.774229 0.0216667 0.0594714
22 0.321667 0.337004 0.0233333 0.105727
15 0.440833 0.573789 0.025 0.0859031
14 0.3625 0.669604 0.0216667 0.0792952
37 0.284167 0.811674 0.025 0.0726872
22 0.449167 0.810573 0.025 0.0837004
28 0.105833 0.465859 0.0283333 0.0947137
1 0.965 0.203744 0.04 0.11674
28 0.73 0.572687 0.0266667 0.0792952
27 0.120833 0.812775 0.025 0.0704846
18 0.3575 0.457048 0.025 0.0991189
32 0.16 0.570485 0.0233333 0.0792952
18 0.501667 0.57489 0.0233333 0.0837004
2 0.0258333 0.186123 0.0283333 0.156388
31 0.580833 0.773128 0.0216667 0.061674
2 0.115833 0.182819 0.0283333 0.136564
20 0.0808333 0.810573 0.0283333 0.0748899
4 0.98 0.667401 0.0266667 0.0837004
18 0.245833 0.338106 0.0283333 0.112335
4 0.823333 0.211454 0.0266667 0.101322
18 0.266667 0.45815 0.0266667 0.0969163
31 0.664167 0.796256 0.0216667 0.0770925
4 0.8975 0.213656 0.025 0.105727
18 0.215833 0.339207 0.025 0.110132
4 0.87 0.213656 0.0233333 0.101322
34 0.560833 0.469163 0.0283333 0.0969163
6 0.9175 0.784141 0.0216667 0.0837004
27 0.146667 0.813877 0.0266667 0.0726872
25 0.695 0.213656 0.03 0.101322
27 0.095 0.816079 0.0233333 0.0682819
28 0.763333 0.577093 0.0233333 0.0837004
28 0.0775 0.46696 0.025 0.092511
32 0.131667 0.569383 0.0233333 0.0859031
31 0.631667 0.770925 0.02 0.0572687
31 0.499167 0.690529 0.025 0.0859031
6 0.981667 0.792952 0.0233333 0.101322
11 0.95 0.343612 0.02 0.0969163
32 0.715833 0.469163 0.025 0.0837004
32 0.6225 0.46696 0.025 0.092511
15 0.47 0.575991 0.0233333 0.0814978
11 0.925833 0.339207 0.0216667 0.0969163
15 0.295 0.579295 0.0266667 0.0837004
24 0.744167 0.464758 0.025 0.0792952
18 0.295 0.461454 0.0266667 0.0991189
26 0.789167 0.218062 0.0283333 0.092511
32 0.653333 0.465859 0.0266667 0.0903084
18 0.325 0.45815 0.03 0.101322
6 0.94 0.781938 0.0166667 0.0792952
32 0.685 0.46696 0.0266667 0.092511
24 0.505 0.805066 0.0233333 0.0859031
25 0.57 0.215859 0.0233333 0.101322
15 0.386667 0.573789 0.0233333 0.0814978
22 0.465833 0.344714 0.025 0.0947137
15 0.320833 0.579295 0.025 0.0792952
4 0.839167 0.670705 0.025 0.0947137
33 0.1025 0.572687 0.0283333 0.0792952
15 0.410833 0.579295 0.025 0.0837004
18 0.235 0.463656 0.03 0.0991189
27 0.23 0.813877 0.0233333 0.0726872
24 0.529167 0.790749 0.0216667 0.0748899
25 0.5075 0.212555 0.025 0.103524
27 0.256667 0.810573 0.0233333 0.0704846
33 0.0608333 0.580396 0.025 0.0859031
18 0.5275 0.570485 0.0183333 0.0792952
18 0.471667 0.460352 0.0266667 0.101322
4 0.785833 0.664097 0.0216667 0.0903084
33 0.169167 0.464758 0.0283333 0.092511
26 0.759167 0.219163 0.025 0.0947137
18 0.205 0.462555 0.0266667 0.0969163
37 0.544167 0.343612 0.0283333 0.0969163
33 0.696667 0.810573 0.0233333 0.0748899
25 0.541667 0.213656 0.0266667 0.101322
27 0.2075 0.801762 0.0216667 0.0704846
4 0.814167 0.667401 0.0216667 0.092511
33 0.1325 0.570485 0.025 0.0792952
31 0.605 0.781938 0.02 0.0660793
24 0.554167 0.797357 0.0216667 0.0704846
27 0.1775 0.811674 0.025 0.0726872
22 0.433333 0.343612 0.0266667 0.0969163
37 0.511667 0.344714 0.0266667 0.0947137
17 0.2475 0.334802 0.0283333 0.110132
11 0.833333 0.339207 0.0266667 0.101322
37 0.635833 0.690529 0.0216667 0.0814978
31 0.523333 0.690529 0.0233333 0.0770925
17 0.215833 0.337004 0.025 0.114537
39 0.178333 0.211454 0.0266667 0.101322
11 0.896667 0.338106 0.0233333 0.103524
31 0.551667 0.687225 0.0233333 0.0837004
25 0.636667 0.21696 0.0266667 0.0947137
39 0.340833 0.210352 0.0283333 0.10793
21 0.375 0.212555 0.03 0.10793
18 0.4425 0.45815 0.025 0.0969163
28 0.0191667 0.469163 0.0283333 0.0837004
37 0.609167 0.693833 0.025 0.0837004
28 0.0466667 0.464758 0.0266667 0.092511
37 0.581667 0.694934 0.0233333 0.0859031
28 0.0733333 0.342511 0.0266667 0.0903084
33 0.1375 0.465859 0.025 0.0947137
21 0.440833 0.209251 0.0316667 0.105727
39 0.21 0.210352 0.03 0.0991189
39 0.311667 0.210352 0.0266667 0.112335
11 0.87 0.338106 0.0266667 0.103524
21 0.473333 0.212555 0.0266667 0.103524
21 0.409167 0.213656 0.025 0.105727
39 0.243333 0.209251 0.0266667 0.101322
28 0.0266667 0.348018 0.0266667 0.092511
25 0.6075 0.21696 0.0283333 0.0991189
39 0.278333 0.210352 0.0266667 0.103524
