21 0.488333 0.213656 0.06 0.101322
18 0.531667 0.468062 0.0266667 0.0947137
10 0.948333 0.572687 0.02 0.092511
6 0.878333 0.789648 0.0166667 0.0814978
15 0.456667 0.579295 0.0433333 0.0792952
37 0.524167 0.345815 0.0516667 0.092511
33 0.04 0.573789 0.02 0.0770925
28 0.0308333 0.572687 0.0283333 0.0792952
16 0.3 0.696035 0.0266667 0.0837004
15 0.3975 0.570485 0.0416667 0.0792952
16 0.245 0.700441 0.0333333 0.0792952
4 0.880833 0.213656 0.025 0.0969163
24 0.785 0.463656 0.0466667 0.0814978
10 0.985833 0.462555 0.0183333 0.0881057
5 0.940833 0.462555 0.0216667 0.092511
4 0.819167 0.685022 0.0216667 0.0792952
34 0.516667 0.46696 0.0566667 0.092511
24 0.0166667 0.577093 0.02 0.0748899
37 0.354167 0.817181 0.0483333 0.0748899
33 0.126667 0.462555 0.0666667 0.0881057
6 0.8975 0.688326 0.025 0.0947137
36 0.668333 0.571586 0.0233333 0.0814978
33 0.711667 0.811674 0.0433333 0.0726872
18 0.5025 0.46696 0.025 0.092511
25 0.521667 0.214758 0.0566667 0.0991189
33 0.105833 0.581498 0.0483333 0.0837004
28 0.169167 0.344714 0.045 0.0947137
6 0.934167 0.792952 0.0216667 0.0969163
33 0.135 0.582599 0.0533333 0.0770925
4 0.841667 0.686123 0.0366667 0.0859031
31 0.614167 0.778634 0.025 0.0550661
10 0.913333 0.462555 0.0233333 0.0881057
26 0.705 0.21696 0.0266667 0.0947137
31 0.5125 0.672907 0.0416667 0.0726872
6 0.8525 0.687225 0.0216667 0.0881057
6 0.9225 0.688326 0.0183333 0.0991189
11 0.854167 0.343612 0.0416667 0.0837004
14 0.355 0.570485 0.0233333 0.0792952
40 0.669167 0.348018 0.0283333 0.092511
25 0.706667 0.215859 0.0266667 0.101322
6 0.91 0.794053 0.0233333 0.0991189
11 0.8275 0.346916 0.0483333 0.0903084
37 0.5425 0.342511 0.025 0.0947137
26 0.800833 0.218062 0.0283333 0.0969163
15 0.355 0.570485 0.0266667 0.0837004
2 0.128333 0.193833 0.0233333 0.145374
34 0.530833 0.468062 0.025 0.0947137
25 0.590833 0.212555 0.0583333 0.0991189
13 0.411667 0.693833 0.0233333 0.0881057
15 0.261667 0.577093 0.0233333 0.0704846
12 0.824167 0.459251 0.0183333 0.0947137
25 0.736667 0.215859 0.0266667 0.101322
18 0.191667 0.34141 0.0266667 0.105727
40 0.596667 0.34141 0.0266667 0.092511
11 0.8425 0.343612 0.025 0.0969163
4 0.82 0.570485 0.02 0.0881057
28 0.753333 0.567181 0.0233333 0.0814978
1 0.981667 0.213656 0.0233333 0.110132
37 0.2925 0.799559 0.0183333 0.0660793
32 0.618333 0.462555 0.0233333 0.0881057
14 0.3275 0.569383 0.0283333 0.0859031
6 0.875 0.689427 0.0233333 0.092511
6 0.858333 0.797357 0.02 0.092511
14 0.299167 0.571586 0.025 0.0814978
31 0.65 0.802863 0.04 0.0726872
28 0.0725 0.702643 0.0283333 0.0792952
2 0.0241667 0.190529 0.0283333 0.147577
28 0.0158333 0.701542 0.025 0.0814978
27 0.120833 0.812775 0.025 0.0704846
36 0.704167 0.577093 0.025 0.0881057
33 0.120833 0.580396 0.025 0.0770925
27 0.0941667 0.818282 0.0216667 0.0682819
16 0.215 0.701542 0.0233333 0.0814978
24 0.794167 0.571586 0.025 0.0859031
20 0.0875 0.814978 0.025 0.0704846
22 0.449167 0.811674 0.025 0.0859031
13 0.438333 0.693833 0.0233333 0.0881057
18 0.614167 0.573789 0.025 0.0859031
25 0.539167 0.21696 0.025 0.0991189
40 0.638333 0.344714 0.03 0.0947137
26 0.760833 0.21696 0.0216667 0.0947137
24 0.525 0.774229 0.0166667 0.0506608
32 0.120833 0.581498 0.025 0.0837004
18 0.388333 0.457048 0.0333333 0.0991189
31 0.498333 0.678414 0.0233333 0.0881057
14 0.333333 0.686123 0.02 0.0814978
25 0.505833 0.215859 0.0283333 0.105727
18 0.256667 0.339207 0.0233333 0.110132
15 0.215 0.5837 0.0266667 0.0792952
43 0.0233333 0.801762 0.0233333 0.0704846
24 0.575833 0.776432 0.025 0.0682819
15 0.298333 0.571586 0.0266667 0.0814978
33 0.150833 0.579295 0.025 0.0792952
34 0.59 0.464758 0.0233333 0.092511
1 0.963333 0.20815 0.0333333 0.112335
32 0.15 0.578194 0.0233333 0.0814978
27 0.145 0.814978 0.0233333 0.0748899
1 0.934167 0.207048 0.025 0.123348
31 0.58 0.77533 0.02 0.0572687
11 0.974167 0.345815 0.0316667 0.0969163
4 0.745 0.660793 0.02 0.061674
39 0.3725 0.210352 0.025 0.10793
32 0.645833 0.463656 0.025 0.0859031
4 0.8025 0.688326 0.025 0.0903084
15 0.385833 0.572687 0.0216667 0.0792952
31 0.468333 0.687225 0.0233333 0.0881057
32 0.709167 0.468062 0.0283333 0.0814978
15 0.440833 0.57489 0.0216667 0.0837004
26 0.7375 0.21696 0.025 0.0991189
18 0.58 0.57489 0.0266667 0.0837004
6 0.978333 0.795154 0.0266667 0.0969163
18 0.233333 0.463656 0.03 0.0947137
28 0.0458333 0.701542 0.025 0.0770925
31 0.666667 0.806167 0.0266667 0.0837004
33 0.0633333 0.578194 0.0233333 0.0814978
33 0.1775 0.462555 0.0216667 0.0881057
17 0.190833 0.337004 0.0283333 0.105727
34 0.561667 0.468062 0.0266667 0.0947137
21 0.47 0.214758 0.0233333 0.0991189
27 0.230833 0.817181 0.025 0.0660793
27 0.173333 0.820485 0.0233333 0.0682819
11 0.895833 0.343612 0.0183333 0.0837004
27 0.263333 0.834802 0.0233333 0.0792952
22 0.4725 0.344714 0.025 0.0947137
4 0.830833 0.682819 0.0183333 0.0748899
22 0.375 0.342511 0.0266667 0.103524
15 0.411667 0.571586 0.0233333 0.0770925
25 0.566667 0.21696 0.0366667 0.0991189
37 0.509167 0.344714 0.0283333 0.103524
18 0.5525 0.575991 0.025 0.0859031
11 0.819167 0.342511 0.0216667 0.0991189
4 0.841667 0.213656 0.0233333 0.101322
33 0.724167 0.809471 0.0216667 0.0814978
24 0.740833 0.468062 0.025 0.0770925
11 0.950833 0.344714 0.025 0.0991189
18 0.474167 0.461454 0.025 0.0991189
33 0.0908333 0.579295 0.025 0.0837004
4 0.863333 0.214758 0.02 0.103524
21 0.3725 0.213656 0.025 0.101322
33 0.698333 0.809471 0.0233333 0.0770925
11 0.918333 0.346916 0.0266667 0.0947137
28 0.0166667 0.577093 0.02 0.0704846
31 0.604167 0.774229 0.0216667 0.0594714
27 0.2 0.834802 0.0233333 0.0748899
28 0.0575 0.345815 0.0283333 0.092511
18 0.415 0.460352 0.0233333 0.101322
15 0.469167 0.577093 0.025 0.0837004
31 0.524167 0.674009 0.025 0.0881057
4 0.7775 0.687225 0.0216667 0.092511
18 0.204167 0.463656 0.0283333 0.0947137
37 0.341667 0.813877 0.0233333 0.0726872
32 0.673333 0.461454 0.0266667 0.0859031
24 0.5025 0.807269 0.0216667 0.0903084
31 0.639167 0.800661 0.025 0.0726872
25 0.671667 0.218062 0.03 0.101322
18 0.444167 0.45815 0.025 0.092511
33 0.150833 0.464758 0.025 0.0881057
18 0.260833 0.461454 0.0283333 0.103524
22 0.439167 0.34141 0.0283333 0.0969163
24 0.755 0.571586 0.0266667 0.0814978
31 0.551667 0.686123 0.0233333 0.0859031
37 0.315833 0.802863 0.0216667 0.0682819
28 0.0583333 0.465859 0.0266667 0.0859031
11 0.870833 0.344714 0.025 0.0947137
21 0.405833 0.212555 0.0316667 0.103524
33 0.105833 0.464758 0.025 0.0881057
17 0.256667 0.334802 0.0233333 0.110132
28 0.0208333 0.465859 0.0316667 0.0859031
39 0.175 0.210352 0.03 0.103524
22 0.41 0.342511 0.0266667 0.103524
28 0.0883333 0.343612 0.03 0.092511
37 0.605833 0.685022 0.0216667 0.0792952
21 0.4375 0.212555 0.0283333 0.103524
37 0.580833 0.685022 0.025 0.0792952
37 0.3675 0.813877 0.025 0.0770925
39 0.2075 0.211454 0.0283333 0.0969163
28 0.025 0.348018 0.03 0.0969163
39 0.300833 0.210352 0.025 0.103524
39 0.2425 0.211454 0.025 0.0969163
39 0.331667 0.211454 0.03 0.101322
25 0.6075 0.218062 0.0283333 0.105727
28 0.1325 0.349119 0.025 0.0947137
25 0.640833 0.218062 0.0316667 0.105727
