28 0.7425 0.464758 0.0216667 0.0837004
3 0.826667 0.564978 0.02 0.0947137
5 0.914167 0.457048 0.0216667 0.103524
6 0.935833 0.794053 0.0216667 0.10793
18 0.504167 0.454846 0.025 0.0947137
13 0.4675 0.686123 0.0216667 0.0770925
32 0.668333 0.570485 0.0233333 0.0837004
14 0.271667 0.699339 0.0233333 0.0814978
12 0.880833 0.457048 0.0216667 0.103524
24 0.748333 0.580396 0.05 0.0726872
15 0.275833 0.568282 0.0283333 0.0704846
32 0.580833 0.454846 0.0216667 0.0859031
37 0.575 0.344714 0.0266667 0.0991189
31 0.6275 0.805066 0.0383333 0.0726872
43 0.02 0.703744 0.03 0.0770925
26 0.708333 0.218062 0.0266667 0.0969163
25 0.59 0.213656 0.0566667 0.092511
21 0.4 0.214758 0.0633333 0.103524
34 0.503333 0.455947 0.0233333 0.092511
16 0.215833 0.700441 0.0283333 0.0748899
11 0.979167 0.669604 0.0216667 0.0969163
26 0.755833 0.21696 0.055 0.0991189
27 0.2225 0.813877 0.0416667 0.0682819
31 0.5 0.693833 0.0233333 0.0837004
30 0.183333 0.702643 0.0266667 0.0792952
18 0.206667 0.459251 0.0233333 0.0991189
4 0.901667 0.212555 0.0166667 0.0991189
28 0.00916667 0.57489 0.015 0.0748899
25 0.739167 0.214758 0.025 0.103524
37 0.3275 0.809471 0.0516667 0.0682819
2 0.118333 0.186123 0.0333333 0.151982
33 0.590833 0.575991 0.0216667 0.0814978
27 0.241667 0.813877 0.0433333 0.0682819
12 0.796667 0.797357 0.02 0.101322
13 0.4425 0.686123 0.0216667 0.0814978
22 0.451667 0.80837 0.0266667 0.0837004
28 0.7625 0.580396 0.025 0.0859031
2 0.0291667 0.187225 0.025 0.140969
18 0.53 0.454846 0.0233333 0.0903084
24 0.740833 0.465859 0.0216667 0.0814978
15 0.475833 0.552863 0.0216667 0.0748899
18 0.324167 0.455947 0.0283333 0.0969163
18 0.289167 0.331498 0.0216667 0.0947137
43 0.0133333 0.814978 0.0233333 0.0660793
28 0.0741667 0.703744 0.0283333 0.0770925
24 0.755833 0.699339 0.025 0.0814978
28 0.734167 0.581498 0.025 0.0837004
16 0.2425 0.699339 0.025 0.0770925
12 0.8275 0.461454 0.0216667 0.103524
25 0.71 0.213656 0.0266667 0.105727
14 0.300833 0.698238 0.025 0.0837004
17 0.325833 0.45815 0.025 0.0969163
4 0.824167 0.557269 0.0216667 0.092511
12 0.888333 0.794053 0.0233333 0.0991189
14 0.325 0.577093 0.0266667 0.0837004
12 0.82 0.796256 0.02 0.0991189
33 0.109167 0.468062 0.0283333 0.0903084
18 0.265833 0.329295 0.0216667 0.0903084
2 0.0875 0.186123 0.025 0.138767
37 0.543333 0.343612 0.0266667 0.0969163
15 0.245833 0.570485 0.025 0.0792952
34 0.53 0.454846 0.0233333 0.0903084
15 0.324167 0.577093 0.0283333 0.0792952
27 0.12 0.812775 0.0233333 0.0660793
11 0.929167 0.669604 0.0183333 0.101322
11 0.951667 0.670705 0.0233333 0.0991189
32 0.201667 0.560573 0.02 0.0726872
28 0.01 0.344714 0.02 0.0903084
40 0.668333 0.342511 0.0266667 0.0991189
28 0.109167 0.470264 0.0283333 0.0903084
34 0.555833 0.450441 0.025 0.0903084
31 0.666667 0.814978 0.0233333 0.0704846
20 0.0933333 0.814978 0.0233333 0.0704846
10 0.965 0.459251 0.0233333 0.103524
25 0.6625 0.21696 0.0216667 0.0947137
28 0.0158333 0.702643 0.0283333 0.0792952
24 0.763333 0.580396 0.0266667 0.0859031
24 0.503333 0.79185 0.0233333 0.0814978
24 0.735 0.579295 0.0233333 0.0837004
15 0.444167 0.572687 0.025 0.0881057
32 0.716667 0.469163 0.0266667 0.0881057
24 0.5325 0.80837 0.0216667 0.0837004
4 0.9825 0.669604 0.025 0.092511
33 0.0608333 0.581498 0.025 0.0837004
14 0.329167 0.698238 0.025 0.0881057
27 0.146667 0.814978 0.0266667 0.0704846
28 0.0783333 0.468062 0.0266667 0.0903084
18 0.386667 0.460352 0.0333333 0.0969163
18 0.264167 0.463656 0.0283333 0.0991189
18 0.235833 0.462555 0.0283333 0.101322
39 0.353333 0.215859 0.0233333 0.0969163
4 0.880833 0.212555 0.0183333 0.10793
4 0.856667 0.20815 0.0233333 0.112335
15 0.388333 0.571586 0.0233333 0.0814978
21 0.3525 0.214758 0.0216667 0.0991189
28 0.0458333 0.704846 0.025 0.0748899
12 0.8675 0.796256 0.0216667 0.0947137
17 0.294167 0.462555 0.025 0.101322
40 0.6375 0.343612 0.0283333 0.0969163
2 0.144167 0.185022 0.025 0.14978
1 0.936667 0.202643 0.03 0.132159
1 0.980833 0.203744 0.0283333 0.125551
4 0.83 0.214758 0.02 0.103524
26 0.801667 0.215859 0.0266667 0.101322
26 0.738333 0.218062 0.0266667 0.0969163
24 0.03 0.582599 0.0266667 0.0770925
31 0.526667 0.693833 0.0233333 0.0837004
15 0.296667 0.579295 0.0266667 0.0792952
33 0.184167 0.457048 0.025 0.0814978
33 0.726667 0.811674 0.0166667 0.0726872
32 0.653333 0.46696 0.03 0.0881057
32 0.140833 0.561674 0.025 0.0792952
18 0.474167 0.455947 0.025 0.101322
17 0.288333 0.327092 0.0233333 0.0991189
18 0.354167 0.460352 0.025 0.101322
15 0.415 0.570485 0.0233333 0.0837004
4 0.79 0.672907 0.0233333 0.0947137
25 0.57 0.214758 0.0233333 0.0903084
27 0.176667 0.813877 0.0233333 0.0682819
27 0.2025 0.813877 0.025 0.0726872
33 0.0916667 0.585903 0.0266667 0.0837004
27 0.258333 0.811674 0.0233333 0.0726872
11 0.926667 0.338106 0.0233333 0.103524
33 0.14 0.570485 0.0233333 0.0704846
21 0.3775 0.213656 0.025 0.101322
18 0.294167 0.462555 0.0283333 0.101322
4 0.8225 0.680617 0.0283333 0.118943
31 0.640833 0.802863 0.0216667 0.0770925
31 0.589167 0.810573 0.025 0.0792952
26 0.7725 0.218062 0.025 0.101322
32 0.684167 0.468062 0.025 0.0903084
18 0.415 0.461454 0.0266667 0.103524
32 0.624167 0.46696 0.025 0.0881057
37 0.511667 0.342511 0.0266667 0.0947137
11 0.805 0.34141 0.0233333 0.101322
18 0.443333 0.45815 0.0266667 0.0969163
31 0.554167 0.692731 0.0216667 0.0859031
28 0.0308333 0.580396 0.025 0.0770925
22 0.3775 0.343612 0.0283333 0.105727
37 0.608333 0.686123 0.02 0.0770925
31 0.615833 0.811674 0.0216667 0.0770925
39 0.178333 0.210352 0.0266667 0.0991189
22 0.474167 0.342511 0.025 0.0991189
37 0.5825 0.694934 0.0216667 0.0814978
25 0.639167 0.218062 0.025 0.092511
22 0.445833 0.338106 0.025 0.0991189
21 0.474167 0.214758 0.025 0.0991189
37 0.288333 0.809471 0.0233333 0.0726872
11 0.951667 0.338106 0.0233333 0.10793
37 0.3425 0.813877 0.025 0.0770925
37 0.314167 0.813877 0.025 0.0770925
18 0.5325 0.571586 0.025 0.0947137
17 0.264167 0.329295 0.0216667 0.0947137
11 0.978333 0.338106 0.0233333 0.10793
28 0.1325 0.3337 0.0216667 0.0859031
28 0.0191667 0.465859 0.0283333 0.0859031
33 0.139167 0.468062 0.025 0.0903084
21 0.441667 0.212555 0.0333333 0.103524
25 0.605 0.218062 0.0266667 0.0969163
28 0.0475 0.468062 0.0283333 0.0903084
37 0.369167 0.812775 0.025 0.0792952
39 0.21 0.211454 0.03 0.101322
39 0.243333 0.212555 0.0266667 0.0991189
28 0.0616667 0.346916 0.03 0.0947137
22 0.413333 0.343612 0.0266667 0.105727
18 0.505 0.572687 0.0266667 0.092511
11 0.831667 0.34141 0.0266667 0.101322
39 0.310833 0.210352 0.0283333 0.10793
11 0.873333 0.339207 0.0233333 0.101322
28 0.0291667 0.35022 0.0283333 0.092511
11 0.9025 0.339207 0.0216667 0.101322
21 0.409167 0.215859 0.0283333 0.101322
