6 0.825833 0.779736 0.025 0.0660793
16 0.2425 0.700441 0.035 0.0792952
37 0.355833 0.819383 0.0483333 0.0748899
34 0.5025 0.46696 0.0283333 0.0969163
18 0.565 0.567181 0.0433333 0.0814978
21 0.450833 0.214758 0.0216667 0.0991189
32 0.6325 0.461454 0.055 0.0859031
16 0.299167 0.696035 0.0283333 0.0837004
4 0.76 0.667401 0.03 0.0704846
10 0.913333 0.462555 0.0233333 0.0881057
18 0.5325 0.468062 0.025 0.0947137
11 0.856667 0.344714 0.0433333 0.0859031
24 0.705 0.463656 0.0266667 0.0814978
24 0.6975 0.805066 0.025 0.0859031
37 0.5425 0.343612 0.025 0.092511
18 0.561667 0.464758 0.0266667 0.0969163
18 0.4975 0.462555 0.035 0.0969163
28 0.04 0.57489 0.0233333 0.0792952
37 0.615833 0.654185 0.0216667 0.0528634
4 0.968333 0.222467 0.0233333 0.0881057
11 0.9725 0.342511 0.0383333 0.0859031
24 0.781667 0.468062 0.0366667 0.0859031
32 0.6925 0.569383 0.025 0.0814978
1 0.968333 0.220264 0.0233333 0.0837004
39 0.329167 0.215859 0.0516667 0.092511
33 0.128333 0.463656 0.0633333 0.0903084
32 0.618333 0.462555 0.0233333 0.0881057
28 0.0158333 0.702643 0.025 0.0792952
31 0.624167 0.777533 0.0283333 0.061674
24 0.106667 0.468062 0.0266667 0.0947137
4 0.850833 0.690529 0.025 0.0947137
2 0.0516667 0.196035 0.02 0.136564
11 0.940833 0.343612 0.045 0.0881057
32 0.134167 0.569383 0.025 0.0859031
14 0.3575 0.571586 0.025 0.0726872
34 0.531667 0.46696 0.0266667 0.0969163
25 0.59 0.213656 0.06 0.0969163
32 0.645833 0.462555 0.025 0.0881057
17 0.165833 0.343612 0.0383333 0.092511
25 0.6975 0.21696 0.025 0.0991189
15 0.2625 0.577093 0.0216667 0.0704846
15 0.3575 0.571586 0.025 0.0770925
28 0.0716667 0.703744 0.0266667 0.0814978
31 0.511667 0.665198 0.0466667 0.0660793
37 0.329167 0.811674 0.0483333 0.0726872
14 0.3 0.571586 0.0266667 0.0859031
27 0.0941667 0.819383 0.025 0.0660793
37 0.293333 0.800661 0.02 0.0682819
40 0.596667 0.34141 0.0266667 0.092511
4 0.860833 0.21696 0.025 0.0991189
31 0.569167 0.651982 0.0216667 0.061674
26 0.7275 0.21696 0.025 0.0991189
37 0.569167 0.651982 0.0216667 0.0528634
14 0.36 0.685022 0.0233333 0.0837004
6 0.861667 0.797357 0.02 0.0837004
26 0.7875 0.218062 0.0283333 0.105727
13 0.389167 0.680617 0.025 0.0792952
6 0.9 0.692731 0.0233333 0.0859031
6 0.850833 0.690529 0.0216667 0.0947137
4 0.8775 0.21696 0.025 0.0947137
6 0.8975 0.787445 0.0183333 0.0682819
2 0.025 0.194934 0.03 0.143172
4 0.949167 0.651982 0.0183333 0.0440529
27 0.120833 0.813877 0.025 0.0682819
16 0.215 0.700441 0.0233333 0.0792952
32 0.171667 0.561674 0.0233333 0.0748899
26 0.699167 0.218062 0.025 0.101322
6 0.943333 0.785242 0.02 0.0814978
14 0.331667 0.568282 0.0233333 0.0704846
20 0.0883333 0.816079 0.0233333 0.0682819
21 0.470833 0.218062 0.025 0.0969163
24 0.523333 0.773128 0.0166667 0.0572687
31 0.4675 0.680617 0.0216667 0.0792952
33 0.170833 0.562775 0.025 0.0726872
28 0.045 0.703744 0.0233333 0.0770925
22 0.45 0.812775 0.0266667 0.0837004
15 0.3025 0.572687 0.0283333 0.0792952
25 0.536667 0.218062 0.0233333 0.0969163
40 0.636667 0.346916 0.03 0.0947137
33 0.105 0.571586 0.0233333 0.0770925
34 0.59 0.463656 0.0233333 0.0947137
11 0.814167 0.34141 0.0216667 0.0881057
14 0.334167 0.686123 0.0216667 0.0814978
43 0.0233333 0.805066 0.0233333 0.0682819
13 0.413333 0.685022 0.0233333 0.0792952
15 0.385833 0.57489 0.0216667 0.0792952
33 0.0791667 0.570485 0.0216667 0.0748899
18 0.193333 0.343612 0.0266667 0.101322
18 0.388333 0.459251 0.04 0.0991189
24 0.500833 0.781938 0.0183333 0.0704846
6 0.918333 0.786344 0.02 0.0792952
31 0.4975 0.6663 0.0216667 0.0726872
4 0.771667 0.672907 0.0233333 0.0859031
27 0.145 0.816079 0.0233333 0.0726872
33 0.179167 0.464758 0.0216667 0.0881057
25 0.505 0.219163 0.0266667 0.103524
37 0.5875 0.651982 0.025 0.0528634
13 0.445833 0.678414 0.0216667 0.0792952
11 0.985833 0.342511 0.025 0.0903084
26 0.756667 0.219163 0.0266667 0.103524
1 0.938333 0.218062 0.0233333 0.101322
17 0.1925 0.339207 0.0283333 0.101322
31 0.5225 0.669604 0.0216667 0.0704846
4 0.813333 0.678414 0.0233333 0.0837004
15 0.413333 0.571586 0.0233333 0.0770925
15 0.443333 0.568282 0.0266667 0.0881057
25 0.568333 0.218062 0.03 0.0969163
28 0.0175 0.579295 0.0216667 0.0748899
4 0.743333 0.661894 0.02 0.0638767
27 0.230833 0.819383 0.025 0.0660793
31 0.579167 0.77533 0.0183333 0.0572687
18 0.614167 0.573789 0.025 0.0859031
39 0.344167 0.213656 0.0216667 0.0969163
18 0.4725 0.45815 0.025 0.092511
27 0.264167 0.835903 0.025 0.0814978
11 0.955833 0.342511 0.0283333 0.0947137
34 0.5625 0.468062 0.025 0.0947137
31 0.663333 0.792952 0.0233333 0.0837004
27 0.173333 0.816079 0.0233333 0.0726872
6 0.974167 0.790749 0.0283333 0.101322
31 0.545833 0.665198 0.0216667 0.061674
32 0.674167 0.463656 0.0283333 0.0859031
39 0.338333 0.342511 0.03 0.0991189
31 0.603333 0.77533 0.02 0.061674
11 0.840833 0.343612 0.025 0.092511
18 0.233333 0.464758 0.03 0.0969163
11 0.920833 0.343612 0.0283333 0.0969163
18 0.551667 0.563877 0.02 0.0792952
25 0.668333 0.218062 0.0266667 0.0969163
31 0.636667 0.78304 0.0233333 0.0682819
24 0.7425 0.468062 0.025 0.0770925
15 0.470833 0.571586 0.025 0.0770925
37 0.513333 0.343612 0.03 0.092511
22 0.4725 0.342511 0.0283333 0.0947137
18 0.5775 0.567181 0.025 0.0814978
24 0.7475 0.567181 0.0216667 0.0726872
33 0.725833 0.810573 0.0216667 0.0792952
33 0.134167 0.570485 0.025 0.0837004
27 0.2 0.835903 0.0233333 0.0726872
21 0.370833 0.214758 0.0283333 0.0991189
11 0.8975 0.342511 0.0183333 0.0859031
37 0.341667 0.814978 0.0233333 0.0704846
4 0.814167 0.218062 0.0216667 0.0969163
33 0.1075 0.46696 0.0283333 0.0881057
33 0.699167 0.80837 0.025 0.0792952
11 0.869167 0.344714 0.025 0.0947137
22 0.443333 0.340308 0.0233333 0.0947137
39 0.3075 0.213656 0.025 0.105727
18 0.204167 0.464758 0.0283333 0.0969163
4 0.838333 0.215859 0.0266667 0.105727
28 0.0575 0.343612 0.0283333 0.0969163
33 0.15 0.46696 0.0266667 0.0881057
18 0.414167 0.461454 0.025 0.103524
18 0.443333 0.457048 0.0266667 0.0947137
28 0.09 0.343612 0.0333333 0.092511
18 0.2625 0.461454 0.0283333 0.103524
28 0.0591667 0.468062 0.0283333 0.0859031
37 0.315833 0.802863 0.0216667 0.0682819
39 0.209167 0.213656 0.0283333 0.0969163
39 0.241667 0.215859 0.0233333 0.0969163
21 0.439167 0.214758 0.0283333 0.0991189
28 0.02 0.471366 0.03 0.0881057
37 0.368333 0.814978 0.0233333 0.0748899
39 0.1775 0.211454 0.0283333 0.105727
28 0.1325 0.348018 0.025 0.092511
28 0.025 0.349119 0.03 0.0947137
21 0.406667 0.214758 0.03 0.103524
25 0.608333 0.218062 0.03 0.101322
25 0.639167 0.218062 0.0316667 0.105727
