28 0.0475 0.345815 0.0616667 0.0837004
32 0.584167 0.567181 0.0216667 0.0770925
21 0.358333 0.207048 0.0633333 0.105727
31 0.569167 0.69163 0.0483333 0.0837004
24 0.784167 0.462555 0.045 0.0837004
31 0.656667 0.786344 0.0166667 0.0837004
12 0.7825 0.798458 0.0416667 0.0947137
28 0.744167 0.465859 0.0283333 0.0947137
32 0.618333 0.57489 0.02 0.0837004
28 0.105833 0.465859 0.0283333 0.0991189
11 0.994167 0.348018 0.0116667 0.092511
13 0.4125 0.678414 0.0216667 0.0837004
33 0.165 0.570485 0.0266667 0.0792952
18 0.575833 0.563877 0.045 0.0837004
21 0.395 0.209251 0.04 0.101322
27 0.218333 0.809471 0.03 0.0638767
43 0.0158333 0.704846 0.025 0.0748899
1 0.9475 0.210352 0.045 0.112335
2 0.085 0.188326 0.03 0.138767
17 0.304167 0.335903 0.0483333 0.103524
18 0.216667 0.340308 0.0233333 0.10793
5 0.911667 0.455947 0.03 0.101322
31 0.468333 0.669604 0.0233333 0.0748899
5 0.94 0.454846 0.02 0.0991189
10 0.959167 0.563877 0.0316667 0.092511
20 0.144167 0.813877 0.025 0.0726872
24 0.696667 0.809471 0.0233333 0.0859031
22 0.35 0.334802 0.0266667 0.105727
28 0.0308333 0.568282 0.025 0.0837004
32 0.1 0.567181 0.02 0.0814978
37 0.59 0.702643 0.05 0.092511
24 0.764167 0.578194 0.0216667 0.0859031
33 0.719167 0.799559 0.0183333 0.0660793
25 0.594167 0.215859 0.0416667 0.0969163
24 0.578333 0.772026 0.0233333 0.0594714
40 0.633333 0.342511 0.0266667 0.0947137
26 0.713333 0.218062 0.05 0.0969163
13 0.440833 0.670705 0.025 0.0770925
37 0.393333 0.811674 0.0233333 0.0859031
16 0.24 0.698238 0.0233333 0.0792952
28 0.729167 0.569383 0.025 0.0770925
12 0.851667 0.780837 0.02 0.0903084
26 0.7475 0.21696 0.055 0.0991189
17 0.231667 0.337004 0.0533333 0.101322
22 0.475 0.80837 0.0266667 0.0837004
14 0.296667 0.580396 0.0266667 0.0947137
34 0.591667 0.46696 0.0266667 0.0969163
10 0.970833 0.564978 0.0183333 0.0903084
28 0.0141667 0.701542 0.025 0.0770925
39 0.294167 0.207048 0.0583333 0.110132
22 0.42 0.809471 0.03 0.0814978
27 0.2425 0.813877 0.045 0.0682819
18 0.388333 0.454846 0.03 0.0991189
12 0.836667 0.781938 0.0233333 0.0969163
12 0.793333 0.796256 0.02 0.0947137
12 0.869167 0.455947 0.0216667 0.105727
31 0.555833 0.788546 0.0216667 0.0748899
33 0.1025 0.469163 0.0416667 0.0881057
1 0.9325 0.207048 0.025 0.110132
12 0.815833 0.796256 0.0183333 0.0947137
43 0.0133333 0.811674 0.0233333 0.0682819
22 0.38 0.338106 0.0266667 0.103524
11 0.8725 0.778634 0.0183333 0.0903084
34 0.560833 0.469163 0.025 0.0969163
12 0.8275 0.457048 0.0216667 0.0991189
22 0.321667 0.335903 0.0233333 0.103524
25 0.525833 0.211454 0.055 0.101322
14 0.306667 0.686123 0.0233333 0.0770925
17 0.293333 0.332599 0.02 0.101322
4 0.980833 0.669604 0.025 0.0881057
39 0.259167 0.210352 0.055 0.112335
28 0.0725 0.699339 0.0283333 0.0770925
12 0.873333 0.778634 0.0166667 0.0903084
4 0.823333 0.674009 0.05 0.0881057
2 0.0241667 0.188326 0.0283333 0.151982
25 0.698333 0.213656 0.0266667 0.0969163
27 0.12 0.812775 0.0233333 0.0704846
18 0.5 0.462555 0.03 0.0969163
22 0.395 0.810573 0.0233333 0.0837004
14 0.365 0.667401 0.0233333 0.0837004
1 0.965833 0.207048 0.0416667 0.110132
14 0.338333 0.664097 0.02 0.0638767
17 0.295 0.460352 0.0266667 0.0969163
26 0.698333 0.215859 0.0266667 0.101322
32 0.716667 0.468062 0.0266667 0.0859031
20 0.0833333 0.811674 0.03 0.0726872
11 0.828333 0.459251 0.0266667 0.0991189
6 0.985 0.795154 0.02 0.0969163
15 0.384167 0.57489 0.025 0.0881057
17 0.3575 0.455947 0.0283333 0.0969163
2 0.115833 0.187225 0.0283333 0.140969
26 0.7275 0.214758 0.0283333 0.103524
32 0.160833 0.569383 0.025 0.0814978
15 0.440833 0.57489 0.0216667 0.0792952
37 0.2875 0.811674 0.025 0.0726872
4 0.838333 0.213656 0.0233333 0.101322
18 0.413333 0.455947 0.0233333 0.0969163
17 0.325833 0.459251 0.0283333 0.0947137
18 0.501667 0.573789 0.0233333 0.0859031
32 0.6225 0.465859 0.025 0.0903084
18 0.2475 0.339207 0.0316667 0.105727
1 0.983333 0.210352 0.0233333 0.10793
28 0.763333 0.578194 0.0233333 0.0859031
27 0.145833 0.814978 0.0283333 0.0748899
27 0.095 0.816079 0.0233333 0.0682819
18 0.356667 0.455947 0.0233333 0.0969163
18 0.295 0.461454 0.0266667 0.0991189
15 0.320833 0.577093 0.025 0.0792952
24 0.503333 0.802863 0.0233333 0.0859031
4 0.871667 0.214758 0.02 0.0947137
31 0.58 0.770925 0.02 0.061674
31 0.630833 0.770925 0.0216667 0.0572687
16 0.215 0.697137 0.0233333 0.0814978
6 0.9175 0.785242 0.0216667 0.0859031
32 0.654167 0.464758 0.0283333 0.092511
6 0.94 0.781938 0.0166667 0.0792952
31 0.664167 0.794053 0.0216667 0.0814978
24 0.744167 0.465859 0.025 0.0814978
31 0.499167 0.689427 0.025 0.0969163
24 0.529167 0.789648 0.0216667 0.0770925
32 0.685 0.46696 0.0266667 0.092511
4 0.896667 0.213656 0.0266667 0.105727
22 0.45 0.810573 0.0266667 0.0837004
4 0.823333 0.212555 0.0266667 0.0991189
18 0.325 0.460352 0.03 0.0969163
15 0.410833 0.578194 0.025 0.0814978
33 0.0991667 0.570485 0.0216667 0.0792952
15 0.470833 0.573789 0.025 0.0814978
18 0.233333 0.463656 0.03 0.0991189
15 0.295 0.579295 0.0266667 0.0837004
22 0.465 0.344714 0.0266667 0.0947137
11 0.95 0.343612 0.02 0.092511
32 0.121667 0.578194 0.0233333 0.0814978
4 0.839167 0.671806 0.0216667 0.092511
27 0.21 0.800661 0.02 0.0682819
11 0.926667 0.338106 0.0233333 0.0947137
27 0.23 0.814978 0.0233333 0.0704846
18 0.470833 0.459251 0.025 0.0991189
21 0.409167 0.210352 0.0216667 0.103524
25 0.5075 0.211454 0.0283333 0.101322
28 0.0758333 0.468062 0.0316667 0.0859031
27 0.256667 0.810573 0.0233333 0.0704846
33 0.1675 0.465859 0.0283333 0.0947137
18 0.203333 0.461454 0.0266667 0.0947137
24 0.554167 0.792952 0.0216667 0.0704846
4 0.786667 0.670705 0.02 0.0903084
33 0.696667 0.810573 0.0233333 0.0748899
26 0.788333 0.218062 0.0266667 0.0969163
39 0.34 0.20815 0.03 0.10793
33 0.06 0.578194 0.0233333 0.0814978
18 0.4425 0.45815 0.025 0.0969163
18 0.529167 0.569383 0.0183333 0.0770925
26 0.759167 0.219163 0.025 0.0947137
37 0.545 0.342511 0.0266667 0.0991189
4 0.813333 0.668502 0.0233333 0.0903084
31 0.523333 0.687225 0.0233333 0.0792952
21 0.374167 0.210352 0.0283333 0.10793
31 0.55 0.686123 0.0233333 0.0859031
17 0.2475 0.334802 0.0283333 0.105727
27 0.175833 0.811674 0.025 0.0726872
31 0.605 0.781938 0.02 0.0660793
17 0.215833 0.337004 0.025 0.110132
25 0.634167 0.215859 0.025 0.0969163
25 0.5425 0.214758 0.0283333 0.0991189
39 0.176667 0.210352 0.0266667 0.103524
22 0.4325 0.343612 0.0283333 0.101322
28 0.0741667 0.34141 0.025 0.0881057
37 0.635833 0.690529 0.0216667 0.0814978
39 0.3125 0.210352 0.0283333 0.112335
28 0.0175 0.468062 0.0283333 0.0859031
37 0.509167 0.342511 0.0283333 0.10793
11 0.835 0.340308 0.0266667 0.0991189
21 0.440833 0.20815 0.0316667 0.10793
28 0.0458333 0.465859 0.0283333 0.0903084
37 0.580833 0.694934 0.025 0.0814978
11 0.895833 0.339207 0.0216667 0.101322
37 0.61 0.692731 0.0233333 0.0814978
21 0.475 0.211454 0.0266667 0.105727
33 0.1375 0.465859 0.0283333 0.0903084
39 0.209167 0.209251 0.0283333 0.105727
39 0.244167 0.20815 0.0283333 0.10793
11 0.869167 0.339207 0.025 0.101322
39 0.276667 0.209251 0.0266667 0.110132
28 0.0275 0.346916 0.0283333 0.0947137
25 0.6075 0.21696 0.025 0.103524
