14 0.3575 0.683921 0.0216667 0.0859031
27 0.218333 0.821586 0.0333333 0.0748899
6 0.908333 0.794053 0.0233333 0.0947137
6 0.8525 0.687225 0.0216667 0.0881057
40 0.598333 0.340308 0.0266667 0.0903084
6 0.921667 0.687225 0.02 0.0969163
18 0.643333 0.57489 0.0233333 0.0837004
33 0.71 0.811674 0.0433333 0.0726872
34 0.5025 0.46696 0.025 0.092511
10 0.985 0.462555 0.0166667 0.0881057
28 0.07 0.701542 0.03 0.0770925
15 0.355 0.570485 0.0266667 0.0837004
37 0.354167 0.817181 0.0483333 0.0748899
33 0.135833 0.581498 0.055 0.0748899
14 0.3 0.696035 0.0266667 0.0837004
4 0.8175 0.683921 0.0216667 0.0814978
33 0.04 0.573789 0.02 0.0814978
18 0.256667 0.339207 0.0233333 0.105727
14 0.355 0.570485 0.0233333 0.0792952
33 0.1275 0.463656 0.065 0.0859031
18 0.503333 0.46696 0.0233333 0.092511
37 0.5425 0.343612 0.025 0.0969163
27 0.161667 0.816079 0.0433333 0.0726872
18 0.191667 0.338106 0.0266667 0.103524
40 0.6675 0.349119 0.0283333 0.0947137
2 0.0483333 0.192731 0.02 0.129956
36 0.668333 0.572687 0.0233333 0.0837004
33 0.106667 0.581498 0.0466667 0.0792952
25 0.59 0.211454 0.0566667 0.0969163
4 0.82 0.569383 0.02 0.0859031
2 0.145833 0.19163 0.0216667 0.123348
4 0.791667 0.689427 0.04 0.092511
6 0.858333 0.795154 0.02 0.0881057
6 0.934167 0.795154 0.0216667 0.092511
1 0.9325 0.205947 0.0283333 0.11674
37 0.2925 0.799559 0.0183333 0.0660793
24 0.105833 0.46696 0.025 0.092511
12 0.823333 0.460352 0.02 0.092511
24 0.575833 0.774229 0.025 0.0682819
28 0.169167 0.343612 0.0416667 0.092511
4 0.843333 0.686123 0.0366667 0.0859031
34 0.530833 0.468062 0.025 0.0947137
31 0.5125 0.670705 0.0416667 0.0726872
1 0.981667 0.213656 0.02 0.105727
2 0.128333 0.192731 0.0233333 0.138767
24 0.0158333 0.578194 0.0216667 0.0770925
24 0.793333 0.571586 0.0266667 0.0859031
15 0.261667 0.575991 0.0233333 0.0726872
6 0.875 0.688326 0.0233333 0.0903084
22 0.449167 0.812775 0.025 0.0837004
1 0.945833 0.210352 0.0416667 0.10793
43 0.0241667 0.802863 0.0216667 0.0682819
26 0.8 0.218062 0.03 0.0969163
33 0.120833 0.579295 0.025 0.0792952
13 0.411667 0.692731 0.0233333 0.0859031
14 0.299167 0.571586 0.025 0.0814978
15 0.215 0.582599 0.0266667 0.0814978
4 0.871667 0.215859 0.02 0.101322
31 0.650833 0.802863 0.0383333 0.0726872
14 0.3275 0.569383 0.0283333 0.0859031
26 0.7075 0.21696 0.025 0.103524
27 0.12 0.811674 0.0266667 0.0682819
28 0.753333 0.568282 0.0233333 0.0837004
32 0.618333 0.464758 0.0233333 0.0881057
2 0.025 0.189427 0.0266667 0.145374
20 0.0858333 0.814978 0.025 0.0704846
18 0.388333 0.45815 0.0333333 0.0969163
25 0.705 0.21696 0.0266667 0.0947137
18 0.614167 0.573789 0.025 0.0859031
34 0.589167 0.464758 0.025 0.092511
11 0.839167 0.343612 0.035 0.0969163
39 0.371667 0.211454 0.0233333 0.110132
26 0.761667 0.21696 0.0233333 0.0991189
4 0.895 0.213656 0.0233333 0.101322
25 0.736667 0.215859 0.0266667 0.101322
24 0.525 0.774229 0.0166667 0.0550661
4 0.8425 0.214758 0.0216667 0.0991189
16 0.215 0.701542 0.0233333 0.0814978
13 0.438333 0.694934 0.0233333 0.0859031
27 0.0941667 0.813877 0.0216667 0.0726872
40 0.638333 0.345815 0.03 0.092511
4 0.8625 0.214758 0.0216667 0.103524
28 0.0466667 0.702643 0.0233333 0.0792952
4 0.8275 0.215859 0.025 0.101322
31 0.58 0.77533 0.02 0.0572687
6 0.975 0.790749 0.0233333 0.0837004
32 0.12 0.579295 0.0266667 0.0837004
14 0.333333 0.687225 0.02 0.0792952
15 0.298333 0.571586 0.0266667 0.0814978
18 0.58 0.57489 0.0233333 0.0837004
36 0.7025 0.575991 0.0283333 0.0903084
15 0.386667 0.572687 0.0233333 0.0792952
32 0.709167 0.468062 0.0283333 0.0814978
1 0.9625 0.20815 0.0316667 0.10793
32 0.150833 0.577093 0.025 0.0837004
33 0.1775 0.461454 0.0216667 0.0903084
22 0.375833 0.34141 0.0283333 0.101322
33 0.150833 0.578194 0.025 0.0814978
31 0.498333 0.678414 0.0233333 0.0881057
27 0.145833 0.813877 0.025 0.0726872
26 0.736667 0.215859 0.0266667 0.101322
4 0.743333 0.661894 0.02 0.0594714
18 0.234167 0.462555 0.0283333 0.0969163
25 0.539167 0.215859 0.025 0.101322
4 0.803333 0.687225 0.0233333 0.092511
27 0.1725 0.814978 0.0216667 0.0704846
25 0.505833 0.215859 0.0283333 0.105727
15 0.440833 0.57489 0.0216667 0.0837004
22 0.473333 0.343612 0.0266667 0.0969163
32 0.645833 0.463656 0.025 0.0903084
31 0.468333 0.688326 0.0233333 0.0859031
34 0.561667 0.468062 0.0266667 0.0947137
17 0.190833 0.335903 0.0283333 0.103524
27 0.229167 0.818282 0.0283333 0.0682819
4 0.830833 0.682819 0.0183333 0.0748899
31 0.6675 0.807269 0.025 0.0814978
33 0.725 0.812775 0.02 0.0837004
33 0.6975 0.809471 0.025 0.0770925
24 0.741667 0.468062 0.0266667 0.0770925
27 0.263333 0.835903 0.0233333 0.0770925
15 0.411667 0.572687 0.0233333 0.0792952
18 0.5525 0.575991 0.025 0.0859031
33 0.0908333 0.579295 0.025 0.0837004
33 0.0625 0.579295 0.025 0.0837004
33 0.15 0.468062 0.0266667 0.0859031
18 0.474167 0.460352 0.025 0.0969163
28 0.0583333 0.344714 0.0266667 0.0903084
37 0.511667 0.343612 0.03 0.092511
21 0.469167 0.215859 0.025 0.101322
28 0.0158333 0.575991 0.0216667 0.0726872
31 0.604167 0.77533 0.0216667 0.0572687
11 0.896667 0.34141 0.0166667 0.0881057
11 0.975 0.343612 0.03 0.101322
21 0.371667 0.213656 0.0233333 0.105727
11 0.818333 0.34141 0.0233333 0.0969163
31 0.638333 0.800661 0.0233333 0.0726872
4 0.7775 0.687225 0.0216667 0.092511
18 0.204167 0.463656 0.0283333 0.0947137
15 0.468333 0.578194 0.0266667 0.0859031
37 0.341667 0.814978 0.0233333 0.0748899
18 0.261667 0.459251 0.03 0.103524
18 0.444167 0.45815 0.025 0.092511
27 0.198333 0.831498 0.0233333 0.0814978
18 0.414167 0.460352 0.025 0.101322
37 0.315833 0.802863 0.0216667 0.0682819
25 0.57 0.21696 0.03 0.0991189
11 0.916667 0.344714 0.0266667 0.0947137
32 0.675 0.463656 0.0266667 0.0859031
33 0.105833 0.46696 0.025 0.0881057
31 0.524167 0.674009 0.025 0.0881057
24 0.5025 0.806167 0.0216667 0.092511
22 0.44 0.34141 0.0266667 0.0969163
31 0.551667 0.685022 0.0233333 0.0837004
39 0.175833 0.210352 0.0283333 0.0991189
24 0.755 0.571586 0.0266667 0.0814978
37 0.58 0.687225 0.0233333 0.0792952
17 0.258333 0.334802 0.0233333 0.105727
21 0.405833 0.212555 0.0316667 0.103524
11 0.945833 0.342511 0.025 0.0991189
37 0.635 0.687225 0.02 0.0792952
37 0.61 0.693833 0.0266667 0.0837004
28 0.0566667 0.468062 0.0266667 0.0859031
28 0.0208333 0.465859 0.0316667 0.0859031
22 0.41 0.343612 0.0266667 0.101322
28 0.0883333 0.344714 0.03 0.0903084
25 0.670833 0.21696 0.0283333 0.0991189
28 0.0258333 0.349119 0.0283333 0.0947137
39 0.2075 0.212555 0.0283333 0.0947137
25 0.606667 0.218062 0.03 0.101322
37 0.3675 0.813877 0.025 0.0770925
39 0.2425 0.212555 0.025 0.0947137
21 0.439167 0.213656 0.0283333 0.105727
39 0.3025 0.210352 0.025 0.103524
11 0.869167 0.34141 0.025 0.0969163
39 0.331667 0.210352 0.03 0.103524
28 0.1325 0.349119 0.025 0.0947137
25 0.639167 0.218062 0.0316667 0.105727
