14 0.300833 0.699339 0.025 0.0814978
6 0.969167 0.797357 0.0416667 0.0837004
31 0.588333 0.776432 0.0466667 0.0638767
16 0.299167 0.696035 0.0283333 0.0837004
32 0.636667 0.468062 0.05 0.0859031
24 0.0075 0.580396 0.015 0.0814978
37 0.328333 0.811674 0.0533333 0.0682819
24 0.7875 0.46696 0.045 0.0837004
37 0.3 0.814978 0.0466667 0.0748899
17 0.2925 0.463656 0.025 0.0991189
27 0.1625 0.817181 0.045 0.0704846
33 0.7125 0.811674 0.045 0.0682819
4 0.7975 0.575991 0.0216667 0.0814978
14 0.269167 0.698238 0.025 0.0792952
37 0.573333 0.344714 0.0266667 0.0947137
33 0.109167 0.465859 0.0283333 0.0903084
28 0.743333 0.468062 0.0266667 0.0903084
13 0.413333 0.694934 0.0233333 0.0859031
10 0.963333 0.464758 0.02 0.092511
4 0.815833 0.688326 0.0383333 0.0859031
40 0.605 0.344714 0.03 0.0903084
5 0.944167 0.463656 0.0183333 0.0947137
10 0.985 0.465859 0.02 0.0903084
2 0.0525 0.193833 0.0216667 0.132159
33 0.015 0.814978 0.0266667 0.0748899
34 0.591667 0.470264 0.0233333 0.0991189
28 0.0158333 0.581498 0.0283333 0.0748899
24 0.726667 0.572687 0.0233333 0.0837004
11 0.854167 0.343612 0.0416667 0.0881057
10 0.959167 0.571586 0.0316667 0.0814978
40 0.669167 0.348018 0.0283333 0.092511
33 0.0516667 0.799559 0.02 0.0704846
20 0.0841667 0.812775 0.025 0.0704846
27 0.095 0.817181 0.02 0.0660793
28 0.731667 0.573789 0.03 0.0770925
16 0.214167 0.702643 0.025 0.0881057
4 0.821667 0.57489 0.02 0.0792952
26 0.755833 0.218062 0.0583333 0.0969163
6 0.853333 0.689427 0.0233333 0.0837004
26 0.785833 0.218062 0.0483333 0.0969163
27 0.12 0.812775 0.0233333 0.0704846
33 0.770833 0.800661 0.0216667 0.0859031
15 0.210833 0.579295 0.0216667 0.0792952
14 0.295833 0.579295 0.0283333 0.0881057
1 0.944167 0.209251 0.045 0.110132
25 0.524167 0.213656 0.0616667 0.105727
4 0.841667 0.687225 0.0366667 0.0792952
22 0.376667 0.344714 0.0266667 0.103524
22 0.45 0.811674 0.0266667 0.0859031
11 0.8375 0.343612 0.0383333 0.0969163
28 0.0333333 0.468062 0.06 0.0903084
2 0.1175 0.192731 0.025 0.143172
12 0.825 0.463656 0.02 0.0947137
25 0.591667 0.212555 0.0566667 0.0991189
15 0.263333 0.579295 0.0233333 0.0748899
6 0.983333 0.797357 0.0233333 0.0837004
1 0.970833 0.20815 0.0416667 0.103524
18 0.3225 0.462555 0.0283333 0.101322
15 0.321667 0.579295 0.0266667 0.0792952
32 0.714167 0.471366 0.0283333 0.0837004
34 0.503333 0.468062 0.0233333 0.0947137
28 0.0108333 0.344714 0.0216667 0.0947137
32 0.591667 0.469163 0.0233333 0.092511
6 0.899167 0.690529 0.025 0.0947137
34 0.5325 0.471366 0.025 0.0969163
24 0.525 0.773128 0.02 0.0528634
27 0.145833 0.816079 0.025 0.0726872
15 0.383333 0.578194 0.0233333 0.0770925
14 0.359167 0.685022 0.0216667 0.0837004
18 0.233333 0.463656 0.0266667 0.0947137
18 0.3825 0.463656 0.0283333 0.0991189
28 0.0166667 0.701542 0.0266667 0.0814978
18 0.2925 0.463656 0.0283333 0.0991189
40 0.639167 0.344714 0.0316667 0.0947137
6 0.875833 0.690529 0.0216667 0.0903084
6 0.884167 0.79185 0.0216667 0.0859031
1 0.985833 0.211454 0.025 0.110132
11 0.923333 0.344714 0.0266667 0.0947137
28 0.0716667 0.469163 0.0433333 0.0881057
2 0.025 0.189427 0.0266667 0.140969
15 0.293333 0.579295 0.0266667 0.0792952
31 0.645 0.811674 0.0233333 0.0726872
34 0.5625 0.470264 0.025 0.0991189
6 0.910833 0.797357 0.0216667 0.092511
15 0.353333 0.572687 0.0233333 0.0792952
14 0.3325 0.683921 0.0216667 0.0814978
15 0.239167 0.579295 0.025 0.0704846
31 0.5 0.697137 0.0233333 0.0903084
2 0.1425 0.187225 0.0216667 0.136564
25 0.556667 0.21696 0.0533333 0.103524
14 0.324167 0.580396 0.025 0.0859031
18 0.194167 0.340308 0.035 0.103524
27 0.2275 0.821586 0.0216667 0.0704846
28 0.108333 0.468062 0.03 0.0947137
28 0.764167 0.579295 0.025 0.0837004
26 0.705833 0.21696 0.025 0.0947137
24 0.0291667 0.580396 0.025 0.0770925
31 0.470833 0.696035 0.0283333 0.092511
37 0.5425 0.343612 0.0283333 0.092511
6 0.935 0.796256 0.02 0.0903084
26 0.801667 0.21696 0.0266667 0.0991189
18 0.2625 0.463656 0.0283333 0.0991189
17 0.216667 0.338106 0.0366667 0.103524
24 0.764167 0.577093 0.025 0.0881057
25 0.574167 0.214758 0.0283333 0.103524
25 0.540833 0.214758 0.0316667 0.10793
28 0.0741667 0.702643 0.025 0.0748899
4 0.801667 0.687225 0.0266667 0.0881057
33 0.0616667 0.580396 0.0233333 0.0814978
32 0.621667 0.46696 0.0266667 0.0881057
18 0.351667 0.463656 0.0266667 0.0991189
22 0.473333 0.344714 0.0266667 0.0947137
4 0.744167 0.662996 0.0216667 0.0572687
28 0.0075 0.579295 0.015 0.0792952
31 0.58 0.77533 0.02 0.0528634
15 0.410833 0.579295 0.025 0.0792952
13 0.441667 0.693833 0.0233333 0.0837004
4 0.83 0.215859 0.0233333 0.0969163
17 0.193333 0.339207 0.03 0.105727
4 0.980833 0.677313 0.0283333 0.0947137
11 0.898333 0.343612 0.0233333 0.0881057
27 0.173333 0.823789 0.02 0.0704846
32 0.650833 0.468062 0.025 0.0903084
28 0.0441667 0.700441 0.025 0.0748899
4 0.83 0.689427 0.02 0.0837004
33 0.170833 0.46696 0.0283333 0.092511
31 0.605833 0.77533 0.025 0.0572687
26 0.738333 0.215859 0.0266667 0.105727
4 0.88 0.215859 0.0233333 0.101322
21 0.470833 0.215859 0.025 0.101322
18 0.4125 0.463656 0.025 0.0991189
15 0.443333 0.572687 0.0233333 0.0792952
26 0.771667 0.220264 0.0266667 0.101322
18 0.254167 0.338106 0.0283333 0.112335
25 0.506667 0.215859 0.03 0.101322
24 0.744167 0.469163 0.025 0.0792952
37 0.513333 0.345815 0.0266667 0.092511
11 0.818333 0.342511 0.0233333 0.0991189
11 0.871667 0.343612 0.0266667 0.092511
15 0.471667 0.572687 0.0233333 0.0748899
31 0.669167 0.80837 0.025 0.0748899
32 0.680833 0.471366 0.0283333 0.0881057
11 0.9525 0.344714 0.025 0.0947137
31 0.526667 0.697137 0.0233333 0.0814978
4 0.855 0.21696 0.0233333 0.0991189
27 0.250833 0.838106 0.0216667 0.0682819
18 0.474167 0.462555 0.025 0.0969163
33 0.725833 0.813877 0.0216667 0.0770925
28 0.0283333 0.580396 0.0266667 0.0770925
18 0.4425 0.462555 0.0283333 0.092511
21 0.3725 0.213656 0.025 0.105727
33 0.0908333 0.582599 0.025 0.0814978
33 0.699167 0.810573 0.025 0.0792952
37 0.286667 0.810573 0.0233333 0.0748899
18 0.204167 0.465859 0.0283333 0.0947137
22 0.440833 0.342511 0.0283333 0.0991189
17 0.2525 0.335903 0.0283333 0.10793
27 0.1975 0.835903 0.0216667 0.0726872
18 0.2225 0.339207 0.0283333 0.114537
11 0.976667 0.343612 0.0266667 0.0969163
37 0.341667 0.814978 0.0233333 0.0748899
37 0.314167 0.816079 0.025 0.0726872
31 0.554167 0.700441 0.025 0.0837004
25 0.671667 0.218062 0.03 0.101322
28 0.0591667 0.344714 0.0283333 0.0947137
33 0.120833 0.581498 0.025 0.0792952
24 0.503333 0.809471 0.0233333 0.0903084
4 0.7775 0.687225 0.0216667 0.0881057
39 0.304167 0.214758 0.0283333 0.0947137
28 0.05 0.468062 0.03 0.0859031
28 0.0191667 0.472467 0.0283333 0.0903084
37 0.369167 0.814978 0.025 0.0792952
39 0.176667 0.210352 0.0266667 0.103524
22 0.41 0.343612 0.0266667 0.101322
21 0.405 0.213656 0.0333333 0.101322
37 0.581667 0.698238 0.0233333 0.0837004
39 0.340833 0.210352 0.0316667 0.103524
39 0.2075 0.213656 0.0283333 0.0969163
37 0.638333 0.696035 0.0233333 0.0792952
37 0.6125 0.697137 0.025 0.0859031
39 0.24 0.212555 0.0233333 0.0991189
28 0.0941667 0.346916 0.0283333 0.0903084
25 0.608333 0.218062 0.03 0.105727
28 0.0258333 0.345815 0.0283333 0.0969163
21 0.440833 0.214758 0.0283333 0.103524
33 0.139167 0.468062 0.0283333 0.0903084
25 0.640833 0.218062 0.0316667 0.105727
