18 0.610833 0.578194 0.025 0.0859031
27 0.0958333 0.817181 0.0216667 0.0660793
31 0.586667 0.779736 0.04 0.0660793
20 0.0858333 0.814978 0.025 0.0660793
10 0.913333 0.460352 0.0233333 0.0969163
13 0.469167 0.698238 0.025 0.0837004
18 0.489167 0.463656 0.0483333 0.0947137
26 0.7075 0.21696 0.025 0.0991189
26 0.75 0.221366 0.05 0.0947137
16 0.298333 0.697137 0.03 0.0814978
22 0.450833 0.813877 0.025 0.0814978
14 0.415 0.682819 0.0233333 0.0792952
25 0.624167 0.215859 0.0516667 0.101322
15 0.260833 0.577093 0.0216667 0.0704846
14 0.301667 0.699339 0.0233333 0.0814978
28 0.0191667 0.701542 0.025 0.0770925
24 0.7875 0.463656 0.0416667 0.0859031
14 0.383333 0.580396 0.0266667 0.0726872
18 0.5625 0.470264 0.0283333 0.103524
32 0.6325 0.461454 0.055 0.0859031
33 0.0716667 0.799559 0.0166667 0.0704846
24 0.795 0.572687 0.0233333 0.0837004
34 0.5325 0.472467 0.0283333 0.103524
28 0.101667 0.344714 0.0633333 0.0947137
14 0.27 0.699339 0.0233333 0.0770925
43 0.0191667 0.704846 0.025 0.0748899
36 0.698333 0.577093 0.0333333 0.0881057
6 0.956667 0.796256 0.02 0.0859031
37 0.356667 0.817181 0.05 0.0704846
37 0.5425 0.343612 0.025 0.092511
12 0.848333 0.459251 0.0233333 0.0991189
18 0.505 0.468062 0.0266667 0.0991189
18 0.591667 0.469163 0.0266667 0.101322
15 0.354167 0.572687 0.025 0.0837004
25 0.735833 0.218062 0.025 0.101322
14 0.39 0.683921 0.0233333 0.0814978
33 0.131667 0.468062 0.06 0.0947137
11 0.835833 0.343612 0.0383333 0.101322
18 0.643333 0.578194 0.0233333 0.0859031
4 0.766667 0.676211 0.0366667 0.0792952
12 0.825 0.460352 0.02 0.0969163
4 0.855 0.214758 0.0366667 0.0991189
4 0.845 0.686123 0.0366667 0.0947137
16 0.2175 0.703744 0.025 0.0814978
17 0.208333 0.339207 0.0533333 0.101322
25 0.706667 0.21696 0.0266667 0.0991189
33 0.015 0.814978 0.0266667 0.0748899
17 0.24 0.338106 0.05 0.103524
4 0.9825 0.561674 0.0216667 0.0792952
28 0.0475 0.701542 0.025 0.0770925
40 0.67 0.348018 0.03 0.092511
6 0.8525 0.689427 0.0216667 0.092511
26 0.803333 0.218062 0.0233333 0.101322
4 0.828333 0.21696 0.0266667 0.103524
17 0.165 0.344714 0.0266667 0.0991189
15 0.460833 0.552863 0.0383333 0.0704846
37 0.4 0.812775 0.0266667 0.0748899
11 0.855 0.343612 0.0433333 0.092511
6 0.981667 0.79185 0.02 0.0903084
20 0.145833 0.819383 0.025 0.0704846
25 0.591667 0.212555 0.06 0.0991189
27 0.12 0.814978 0.0233333 0.0704846
8 0.898333 0.687225 0.02 0.092511
2 0.111667 0.194934 0.0266667 0.138767
37 0.623333 0.693833 0.0433333 0.0748899
28 0.753333 0.568282 0.0233333 0.0792952
39 0.369167 0.212555 0.0316667 0.0991189
25 0.506667 0.218062 0.03 0.0969163
33 0.0516667 0.801762 0.02 0.0704846
6 0.875 0.688326 0.0233333 0.0947137
28 0.0158333 0.343612 0.0316667 0.0837004
1 0.970833 0.205947 0.0416667 0.10793
14 0.355 0.573789 0.0233333 0.0770925
2 0.0258333 0.190529 0.0283333 0.151982
15 0.216667 0.580396 0.0233333 0.0770925
15 0.298333 0.572687 0.0266667 0.0837004
40 0.595833 0.342511 0.025 0.0903084
34 0.5625 0.471366 0.025 0.0969163
34 0.590833 0.46696 0.025 0.0969163
14 0.36 0.685022 0.0233333 0.0837004
21 0.471667 0.21696 0.0266667 0.0991189
4 0.7725 0.678414 0.0183333 0.101322
14 0.299167 0.571586 0.025 0.0814978
24 0.108333 0.468062 0.0266667 0.0947137
4 0.821667 0.569383 0.02 0.0903084
31 0.4725 0.697137 0.0283333 0.0903084
14 0.330833 0.571586 0.0216667 0.0770925
27 0.145833 0.818282 0.025 0.0726872
1 0.933333 0.207048 0.0266667 0.114537
26 0.761667 0.219163 0.0233333 0.0947137
33 0.113333 0.560573 0.0233333 0.0726872
11 0.924167 0.344714 0.025 0.0903084
13 0.39 0.683921 0.0233333 0.0814978
32 0.618333 0.464758 0.0233333 0.0881057
40 0.639167 0.346916 0.0316667 0.0947137
13 0.441667 0.696035 0.0233333 0.0837004
1 0.984167 0.211454 0.0216667 0.110132
18 0.2575 0.340308 0.025 0.112335
14 0.333333 0.682819 0.0233333 0.0837004
4 0.805 0.685022 0.02 0.0837004
4 0.840833 0.214758 0.0216667 0.103524
24 0.525 0.773128 0.02 0.0528634
32 0.645833 0.464758 0.025 0.0881057
4 0.869167 0.213656 0.0216667 0.101322
26 0.736667 0.219163 0.0233333 0.0991189
6 0.934167 0.795154 0.0216667 0.0969163
15 0.385 0.582599 0.0233333 0.0770925
33 0.179167 0.463656 0.0216667 0.0903084
15 0.418333 0.560573 0.0233333 0.0726872
32 0.710833 0.469163 0.0316667 0.0837004
13 0.415 0.682819 0.0233333 0.0792952
24 0.7425 0.469163 0.025 0.0792952
11 0.895833 0.342511 0.0183333 0.0859031
27 0.225833 0.823789 0.0216667 0.0704846
18 0.228333 0.337004 0.0266667 0.105727
15 0.4725 0.556167 0.0216667 0.0682819
18 0.195 0.342511 0.03 0.103524
4 0.896667 0.212555 0.0266667 0.112335
31 0.5 0.701542 0.0233333 0.0814978
31 0.644167 0.811674 0.025 0.0726872
15 0.446667 0.552863 0.02 0.0704846
25 0.541667 0.213656 0.03 0.105727
18 0.388333 0.45815 0.03 0.101322
11 0.818333 0.343612 0.0233333 0.101322
31 0.605833 0.779736 0.0216667 0.0572687
22 0.473333 0.344714 0.0266667 0.0947137
27 0.174167 0.823789 0.0216667 0.0660793
25 0.573333 0.215859 0.03 0.105727
33 0.725 0.809471 0.0233333 0.0814978
22 0.376667 0.343612 0.0266667 0.101322
31 0.580833 0.778634 0.0183333 0.0594714
18 0.233333 0.465859 0.03 0.0991189
31 0.669167 0.80837 0.025 0.0748899
4 0.745833 0.660793 0.0216667 0.0660793
37 0.514167 0.345815 0.0283333 0.092511
37 0.29 0.799559 0.02 0.0704846
4 0.83 0.681718 0.0166667 0.0814978
17 0.256667 0.3337 0.0266667 0.103524
31 0.525 0.700441 0.0233333 0.0792952
33 0.11 0.465859 0.03 0.0947137
4 0.78 0.688326 0.02 0.0991189
18 0.263333 0.462555 0.03 0.105727
33 0.698333 0.809471 0.0266667 0.0814978
39 0.334167 0.218062 0.0183333 0.092511
24 0.754167 0.571586 0.025 0.0814978
39 0.309167 0.210352 0.0283333 0.0991189
21 0.373333 0.215859 0.0266667 0.101322
33 0.151667 0.46696 0.0233333 0.092511
25 0.673333 0.21696 0.03 0.0991189
27 0.199167 0.835903 0.0216667 0.0726872
22 0.441667 0.34141 0.0266667 0.0969163
18 0.415833 0.461454 0.025 0.0991189
27 0.251667 0.839207 0.0233333 0.0704846
18 0.475 0.462555 0.0233333 0.0969163
31 0.551667 0.689427 0.0233333 0.0792952
32 0.675833 0.463656 0.0283333 0.0859031
24 0.503333 0.810573 0.0233333 0.0881057
18 0.205 0.465859 0.0266667 0.0947137
28 0.0191667 0.471366 0.0283333 0.0969163
18 0.445833 0.45815 0.025 0.0969163
37 0.343333 0.816079 0.0233333 0.0682819
11 0.871667 0.342511 0.0233333 0.0947137
28 0.0591667 0.464758 0.025 0.0881057
37 0.369167 0.816079 0.0216667 0.0770925
25 0.608333 0.218062 0.03 0.105727
28 0.0891667 0.346916 0.025 0.0947137
37 0.635 0.688326 0.02 0.0726872
21 0.439167 0.214758 0.0283333 0.0991189
37 0.61 0.696035 0.0233333 0.0792952
37 0.580833 0.687225 0.0216667 0.0748899
28 0.0591667 0.344714 0.0283333 0.0947137
22 0.410833 0.343612 0.0283333 0.101322
39 0.1775 0.210352 0.0283333 0.103524
37 0.315 0.818282 0.0233333 0.0726872
39 0.21 0.213656 0.03 0.0969163
21 0.406667 0.214758 0.03 0.103524
39 0.2425 0.213656 0.025 0.0969163
28 0.0266667 0.35022 0.0266667 0.092511
28 0.1225 0.345815 0.025 0.101322
25 0.641667 0.21696 0.03 0.103524
