33 0.585833 0.566079 0.0216667 0.0748899
31 0.576667 0.698238 0.0233333 0.101322
27 0.22 0.809471 0.0366667 0.0638767
8 0.88 0.677313 0.0333333 0.103524
32 0.6475 0.575991 0.0216667 0.0859031
14 0.270833 0.699339 0.025 0.0814978
33 0.0825 0.571586 0.0616667 0.0770925
20 0.144167 0.813877 0.025 0.0726872
22 0.290833 0.335903 0.0283333 0.112335
10 0.96 0.564978 0.0333333 0.0903084
11 0.828333 0.457048 0.0266667 0.0991189
15 0.2075 0.575991 0.0216667 0.0814978
37 0.5275 0.343612 0.0483333 0.092511
17 0.320833 0.335903 0.0283333 0.112335
18 0.356667 0.457048 0.0233333 0.103524
37 0.5725 0.344714 0.0283333 0.0991189
14 0.360833 0.634361 0.025 0.110132
40 0.605 0.342511 0.0266667 0.0947137
18 0.2325 0.465859 0.0283333 0.0991189
1 0.9325 0.202643 0.0283333 0.123348
13 0.390833 0.670705 0.0283333 0.0814978
17 0.359167 0.45815 0.035 0.0969163
34 0.516667 0.462555 0.0566667 0.092511
14 0.361667 0.670705 0.0233333 0.0770925
12 0.8275 0.45815 0.0216667 0.101322
31 0.5675 0.685022 0.045 0.0792952
33 0.015 0.813877 0.0266667 0.0726872
12 0.769167 0.799559 0.0216667 0.092511
34 0.5025 0.468062 0.0216667 0.0991189
31 0.475 0.693833 0.04 0.0881057
27 0.241667 0.811674 0.0466667 0.0682819
28 0.744167 0.46696 0.0283333 0.092511
25 0.525833 0.214758 0.055 0.0991189
13 0.414167 0.681718 0.0216667 0.0814978
12 0.793333 0.795154 0.02 0.0969163
31 0.655833 0.790749 0.0216667 0.0748899
10 0.961667 0.455947 0.0233333 0.101322
25 0.591667 0.212555 0.0566667 0.0947137
32 0.6175 0.57489 0.0216667 0.0837004
12 0.869167 0.453745 0.0216667 0.105727
22 0.35 0.337004 0.0266667 0.105727
16 0.239167 0.698238 0.025 0.0792952
17 0.29 0.335903 0.0266667 0.112335
28 0.105833 0.468062 0.0283333 0.0903084
33 0.6175 0.57489 0.0216667 0.0837004
26 0.6975 0.214758 0.025 0.0947137
6 0.9175 0.786344 0.0216667 0.0837004
15 0.235833 0.579295 0.025 0.0837004
43 0.0133333 0.812775 0.0233333 0.0660793
34 0.530833 0.46696 0.025 0.0969163
24 0.579167 0.774229 0.0216667 0.0594714
1 0.945833 0.204846 0.045 0.127753
4 0.850833 0.683921 0.025 0.10793
14 0.299167 0.699339 0.025 0.0814978
17 0.293333 0.462555 0.0266667 0.0969163
24 0.696667 0.80837 0.0233333 0.0837004
37 0.543333 0.342511 0.0266667 0.0947137
33 0.105833 0.465859 0.0283333 0.0859031
12 0.8425 0.788546 0.0283333 0.092511
2 0.0258333 0.185022 0.0316667 0.15859
1 0.9825 0.205947 0.025 0.125551
37 0.614167 0.671806 0.035 0.0792952
10 0.97 0.566079 0.02 0.092511
16 0.215 0.699339 0.0233333 0.0770925
28 0.73 0.571586 0.0266667 0.0814978
22 0.449167 0.809471 0.0283333 0.0770925
33 0.719167 0.798458 0.0183333 0.0682819
40 0.634167 0.343612 0.025 0.092511
2 0.0841667 0.182819 0.0283333 0.14978
18 0.2625 0.464758 0.0283333 0.101322
2 0.115 0.183921 0.0266667 0.138767
22 0.379167 0.339207 0.0283333 0.105727
18 0.499167 0.463656 0.0316667 0.0991189
27 0.12 0.812775 0.0266667 0.0704846
14 0.326667 0.698238 0.0233333 0.0792952
13 0.44 0.697137 0.0233333 0.0859031
1 0.965833 0.203744 0.0416667 0.121145
11 0.9675 0.683921 0.025 0.0947137
22 0.320833 0.335903 0.025 0.10793
18 0.2925 0.462555 0.0283333 0.101322
18 0.323333 0.45815 0.03 0.105727
20 0.0808333 0.811674 0.0283333 0.0726872
31 0.63 0.770925 0.0233333 0.061674
15 0.321667 0.578194 0.0266667 0.0859031
28 0.015 0.701542 0.0266667 0.0814978
15 0.351667 0.579295 0.0266667 0.0748899
26 0.749167 0.218062 0.045 0.0969163
15 0.381667 0.577093 0.0233333 0.0792952
31 0.665 0.795154 0.0233333 0.0792952
27 0.0941667 0.817181 0.0216667 0.0704846
4 0.899167 0.212555 0.0216667 0.10793
14 0.321667 0.578194 0.0233333 0.0814978
17 0.324167 0.459251 0.0283333 0.0991189
31 0.499167 0.693833 0.025 0.092511
6 0.981667 0.795154 0.0233333 0.101322
6 0.94 0.784141 0.0166667 0.0792952
14 0.295 0.579295 0.0233333 0.0881057
28 0.764167 0.578194 0.0216667 0.0859031
27 0.145833 0.813877 0.0283333 0.0726872
18 0.414167 0.461454 0.025 0.0991189
15 0.470833 0.575991 0.025 0.0770925
26 0.790833 0.218062 0.025 0.0969163
12 0.816667 0.796256 0.02 0.0991189
34 0.589167 0.464758 0.025 0.0969163
39 0.374167 0.211454 0.0283333 0.105727
15 0.440833 0.575991 0.0216667 0.0814978
26 0.760833 0.214758 0.0216667 0.0991189
11 0.925833 0.339207 0.025 0.0969163
18 0.205 0.465859 0.0266667 0.0991189
22 0.465833 0.345815 0.025 0.092511
11 0.95 0.343612 0.02 0.0969163
18 0.5 0.577093 0.0233333 0.0881057
24 0.744167 0.465859 0.025 0.0814978
32 0.6475 0.461454 0.025 0.0859031
26 0.735833 0.214758 0.025 0.103524
31 0.580833 0.773128 0.0183333 0.0660793
4 0.875833 0.211454 0.0216667 0.105727
27 0.23 0.816079 0.0233333 0.0638767
39 0.333333 0.215859 0.02 0.0881057
15 0.295833 0.580396 0.0283333 0.0770925
32 0.715 0.468062 0.0266667 0.0859031
25 0.57 0.215859 0.0233333 0.101322
28 0.0716667 0.701542 0.0266667 0.0770925
27 0.2575 0.809471 0.025 0.0682819
33 0.0975 0.572687 0.025 0.0837004
15 0.410833 0.579295 0.025 0.0792952
24 0.503333 0.806167 0.0233333 0.0837004
25 0.5075 0.212555 0.025 0.103524
24 0.529167 0.790749 0.0216667 0.0748899
25 0.665 0.21696 0.0233333 0.0903084
28 0.075 0.470264 0.03 0.0859031
27 0.206667 0.801762 0.02 0.0704846
28 0.0433333 0.701542 0.0266667 0.0770925
4 0.815833 0.213656 0.0216667 0.105727
4 0.810833 0.667401 0.025 0.0969163
4 0.839167 0.213656 0.025 0.105727
18 0.470833 0.460352 0.025 0.101322
18 0.528333 0.575991 0.0233333 0.0859031
33 0.168333 0.468062 0.03 0.0903084
25 0.5425 0.214758 0.025 0.0991189
27 0.176667 0.811674 0.0266667 0.0726872
37 0.5125 0.345815 0.0283333 0.092511
24 0.554167 0.796256 0.0216667 0.0726872
31 0.605 0.781938 0.02 0.0660793
4 0.781667 0.682819 0.0233333 0.110132
22 0.4325 0.344714 0.0283333 0.0991189
31 0.5225 0.688326 0.0216667 0.0814978
11 0.895833 0.339207 0.025 0.105727
32 0.6825 0.46696 0.0283333 0.0881057
34 0.561667 0.468062 0.0266667 0.0991189
33 0.696667 0.809471 0.0233333 0.0770925
28 0.0591667 0.345815 0.0283333 0.0881057
21 0.375 0.215859 0.03 0.0969163
37 0.5775 0.682819 0.0216667 0.0792952
39 0.305 0.214758 0.0266667 0.103524
11 0.833333 0.339207 0.0266667 0.101322
39 0.175 0.209251 0.03 0.101322
31 0.550833 0.685022 0.025 0.0837004
37 0.626667 0.671806 0.02 0.0792952
39 0.216667 0.212555 0.0233333 0.0947137
37 0.2875 0.810573 0.0216667 0.0704846
37 0.34 0.812775 0.0233333 0.0792952
18 0.441667 0.460352 0.0266667 0.0969163
33 0.0591667 0.580396 0.0283333 0.0859031
28 0.0183333 0.471366 0.0266667 0.0881057
37 0.313333 0.812775 0.0266667 0.0792952
21 0.440833 0.210352 0.0316667 0.103524
37 0.603333 0.674009 0.02 0.0792952
21 0.473333 0.213656 0.0266667 0.101322
28 0.0458333 0.46696 0.0283333 0.092511
33 0.136667 0.468062 0.0266667 0.0903084
39 0.243333 0.213656 0.0266667 0.0969163
11 0.868333 0.338106 0.0266667 0.103524
21 0.408333 0.213656 0.0266667 0.101322
28 0.0266667 0.35022 0.03 0.092511
25 0.639167 0.21696 0.0283333 0.0991189
25 0.6075 0.21696 0.0283333 0.103524
