4 0.8925 0.213656 0.0416667 0.0969163
4 0.904167 0.213656 0.0183333 0.105727
9 0.866667 0.568282 0.03 0.101322
21 0.3425 0.212555 0.0316667 0.112335
22 0.449167 0.810573 0.0283333 0.0837004
28 0.728333 0.571586 0.03 0.0770925
20 0.204167 0.811674 0.025 0.0682819
41 0.605 0.344714 0.03 0.0947137
28 0.0633333 0.344714 0.0633333 0.0903084
12 0.828333 0.45815 0.0233333 0.092511
32 0.62 0.577093 0.0233333 0.0881057
12 0.83 0.784141 0.0266667 0.092511
22 0.369167 0.34141 0.0416667 0.0969163
15 0.398333 0.577093 0.04 0.0792952
27 0.22 0.813877 0.0466667 0.0726872
6 0.9675 0.784141 0.0216667 0.0748899
37 0.328333 0.809471 0.0533333 0.0682819
37 0.596667 0.696035 0.0466667 0.0792952
34 0.516667 0.461454 0.0566667 0.0903084
10 0.950833 0.560573 0.025 0.0903084
2 0.0475 0.188326 0.0183333 0.156388
37 0.475 0.809471 0.0266667 0.0859031
17 0.29 0.339207 0.0233333 0.101322
25 0.7075 0.21696 0.025 0.0991189
16 0.3 0.696035 0.0266667 0.0837004
18 0.5325 0.464758 0.025 0.0969163
18 0.5025 0.465859 0.025 0.0991189
4 0.985 0.560573 0.0233333 0.0903084
14 0.3 0.700441 0.0266667 0.0881057
31 0.511667 0.693833 0.0466667 0.0837004
37 0.298333 0.812775 0.05 0.0748899
21 0.508333 0.215859 0.0266667 0.092511
26 0.7075 0.215859 0.025 0.0969163
26 0.755 0.219163 0.06 0.0947137
18 0.356667 0.457048 0.0233333 0.0991189
6 0.896667 0.788546 0.02 0.0792952
2 0.1175 0.190529 0.025 0.151982
11 0.9125 0.342511 0.045 0.0947137
24 0.746667 0.463656 0.0433333 0.0770925
11 0.940833 0.338106 0.045 0.0947137
16 0.2425 0.699339 0.025 0.0770925
15 0.205833 0.580396 0.025 0.0814978
25 0.508333 0.213656 0.0266667 0.0969163
27 0.241667 0.812775 0.0433333 0.0704846
4 0.8425 0.679515 0.0383333 0.10793
14 0.355833 0.571586 0.025 0.0814978
6 0.9875 0.781938 0.0183333 0.0792952
32 0.155833 0.572687 0.0216667 0.0792952
27 0.0925 0.817181 0.025 0.0704846
17 0.215 0.340308 0.05 0.0991189
31 0.679167 0.774229 0.0183333 0.0638767
18 0.389167 0.461454 0.0383333 0.0947137
12 0.850833 0.785242 0.0183333 0.0859031
32 0.175833 0.582599 0.0216667 0.0859031
17 0.236667 0.337004 0.0433333 0.101322
2 0.07 0.189427 0.0266667 0.14978
28 0.72 0.562775 0.0233333 0.0859031
11 0.9875 0.679515 0.015 0.0991189
6 0.941667 0.784141 0.02 0.0881057
28 0.135833 0.34141 0.055 0.101322
34 0.503333 0.46696 0.0233333 0.0969163
15 0.356667 0.570485 0.0266667 0.0748899
15 0.323333 0.580396 0.0266667 0.0859031
17 0.3275 0.460352 0.0283333 0.0969163
11 0.830833 0.785242 0.0183333 0.0903084
36 0.671667 0.571586 0.02 0.0814978
5 0.895 0.457048 0.0233333 0.103524
28 0.0575 0.69163 0.0216667 0.0748899
1 0.930833 0.205947 0.025 0.11674
6 0.918333 0.784141 0.02 0.0881057
43 0.0316667 0.693833 0.0233333 0.0837004
37 0.543333 0.344714 0.0266667 0.0947137
27 0.12 0.816079 0.0233333 0.0682819
17 0.293333 0.464758 0.0266667 0.0969163
1 0.985 0.20815 0.0233333 0.121145
32 0.715833 0.469163 0.025 0.0837004
40 0.669167 0.345815 0.0283333 0.0969163
15 0.26 0.578194 0.02 0.0726872
34 0.530833 0.46696 0.025 0.092511
18 0.558333 0.572687 0.0233333 0.0837004
13 0.440833 0.697137 0.0216667 0.0859031
2 0.025 0.187225 0.03 0.15859
14 0.294167 0.580396 0.025 0.0814978
18 0.228333 0.337004 0.0266667 0.105727
11 0.97 0.683921 0.02 0.0947137
34 0.591667 0.46696 0.0266667 0.092511
20 0.0925 0.816079 0.0216667 0.0726872
27 0.146667 0.813877 0.0266667 0.0726872
25 0.578333 0.215859 0.04 0.092511
25 0.540833 0.21696 0.0216667 0.0947137
37 0.620833 0.694934 0.0383333 0.0770925
40 0.638333 0.345815 0.03 0.0969163
32 0.653333 0.46696 0.0266667 0.092511
24 0.793333 0.461454 0.0233333 0.0859031
18 0.264167 0.463656 0.0283333 0.103524
18 0.2925 0.463656 0.0283333 0.0991189
32 0.6225 0.468062 0.025 0.0903084
18 0.198333 0.339207 0.0266667 0.105727
15 0.2375 0.580396 0.025 0.0726872
11 0.879167 0.34141 0.015 0.0969163
32 0.683333 0.468062 0.0266667 0.0903084
25 0.566667 0.220264 0.0233333 0.092511
1 0.956667 0.204846 0.0266667 0.123348
32 0.134167 0.572687 0.0216667 0.0837004
33 0.135833 0.573789 0.025 0.0770925
11 0.810833 0.788546 0.0116667 0.0837004
15 0.293333 0.580396 0.0266667 0.0770925
11 0.955833 0.331498 0.025 0.0947137
14 0.355833 0.694934 0.0216667 0.0814978
4 0.829167 0.212555 0.0216667 0.103524
18 0.234167 0.465859 0.0316667 0.0991189
14 0.33 0.698238 0.0233333 0.0837004
28 0.0783333 0.469163 0.03 0.092511
34 0.561667 0.463656 0.0233333 0.0991189
26 0.801667 0.21696 0.0266667 0.0991189
12 0.790833 0.796256 0.0216667 0.0947137
2 0.140833 0.187225 0.025 0.14978
24 0.53 0.806167 0.0233333 0.0837004
28 0.0141667 0.55837 0.0216667 0.0682819
18 0.415 0.462555 0.0266667 0.101322
26 0.736667 0.214758 0.0266667 0.0991189
27 0.175 0.810573 0.0233333 0.0704846
31 0.586667 0.812775 0.0233333 0.0792952
31 0.6375 0.787445 0.0183333 0.0726872
33 0.09 0.580396 0.0266667 0.0770925
17 0.261667 0.335903 0.0233333 0.0991189
15 0.385833 0.571586 0.025 0.0770925
18 0.530833 0.569383 0.025 0.0903084
31 0.611667 0.79185 0.02 0.0726872
18 0.471667 0.461454 0.0266667 0.103524
25 0.671667 0.21696 0.0266667 0.0947137
25 0.593333 0.21696 0.0266667 0.0947137
18 0.5025 0.568282 0.0216667 0.0881057
15 0.440833 0.578194 0.025 0.0814978
11 0.926667 0.34141 0.0233333 0.101322
26 0.773333 0.215859 0.0266667 0.101322
33 0.0616667 0.580396 0.0233333 0.0770925
4 0.805833 0.683921 0.025 0.0991189
4 0.880833 0.212555 0.0216667 0.10793
14 0.3225 0.580396 0.025 0.0814978
27 0.204167 0.810573 0.025 0.0748899
33 0.7175 0.798458 0.0216667 0.0770925
4 0.855833 0.211454 0.025 0.110132
18 0.205 0.464758 0.0266667 0.0969163
28 0.106667 0.46696 0.03 0.0969163
15 0.470833 0.577093 0.025 0.0837004
27 0.2575 0.812775 0.025 0.0704846
37 0.288333 0.810573 0.0233333 0.0704846
33 0.1675 0.468062 0.0283333 0.0903084
11 0.8325 0.342511 0.0216667 0.103524
37 0.513333 0.346916 0.0266667 0.0947137
4 0.830833 0.680617 0.0183333 0.092511
31 0.659167 0.778634 0.0183333 0.0682819
24 0.504167 0.80837 0.025 0.0837004
31 0.550833 0.683921 0.025 0.0859031
11 0.86 0.338106 0.02 0.0991189
28 0.766667 0.577093 0.02 0.0837004
28 0.151667 0.342511 0.03 0.103524
39 0.178333 0.210352 0.0266667 0.103524
24 0.556667 0.800661 0.0233333 0.0770925
15 0.41 0.580396 0.0266667 0.0770925
37 0.3425 0.812775 0.025 0.0748899
18 0.443333 0.461454 0.0266667 0.0991189
21 0.376667 0.213656 0.0266667 0.105727
31 0.524167 0.690529 0.025 0.0903084
37 0.314167 0.813877 0.025 0.0770925
37 0.635 0.698238 0.0233333 0.0881057
25 0.641667 0.21696 0.0266667 0.0991189
28 0.0541667 0.344714 0.0283333 0.0947137
22 0.4425 0.338106 0.025 0.0947137
28 0.0183333 0.471366 0.0266667 0.0881057
37 0.61 0.697137 0.0233333 0.0859031
39 0.304167 0.211454 0.0283333 0.114537
4 0.78 0.682819 0.0233333 0.105727
11 0.898333 0.343612 0.0233333 0.105727
21 0.473333 0.214758 0.0266667 0.0991189
21 0.440833 0.212555 0.0316667 0.103524
37 0.369167 0.811674 0.025 0.0814978
39 0.339167 0.213656 0.035 0.101322
28 0.12 0.34141 0.03 0.105727
22 0.41 0.340308 0.0266667 0.0991189
37 0.5825 0.694934 0.025 0.0859031
28 0.0466667 0.46696 0.03 0.0969163
39 0.206667 0.213656 0.03 0.101322
33 0.1375 0.468062 0.025 0.0947137
39 0.243333 0.211454 0.0266667 0.101322
28 0.0241667 0.345815 0.0283333 0.0969163
28 0.0891667 0.344714 0.0283333 0.0991189
21 0.4075 0.214758 0.0283333 0.0991189
