19 0.2875 0.337004 0.025 0.110132
30 0.186667 0.700441 0.0266667 0.0792952
32 0.631667 0.459251 0.0633333 0.0814978
43 0.0166667 0.811674 0.03 0.0638767
18 0.53 0.454846 0.0233333 0.0903084
5 0.914167 0.457048 0.0216667 0.103524
14 0.3025 0.694934 0.025 0.0770925
18 0.286667 0.335903 0.03 0.112335
32 0.664167 0.563877 0.0216667 0.0792952
13 0.4125 0.69163 0.0216667 0.0837004
17 0.2875 0.335903 0.0283333 0.10793
12 0.880833 0.457048 0.0216667 0.103524
33 0.0708333 0.584802 0.0516667 0.0770925
22 0.378333 0.34141 0.03 0.110132
37 0.574167 0.343612 0.0283333 0.0969163
30 0.128333 0.698238 0.0266667 0.0748899
15 0.275 0.567181 0.03 0.0682819
14 0.3575 0.694934 0.025 0.0814978
4 0.901667 0.212555 0.02 0.0991189
6 0.935833 0.79185 0.0216667 0.103524
4 0.84 0.679515 0.0366667 0.10793
32 0.645 0.569383 0.02 0.0814978
14 0.3875 0.569383 0.0283333 0.0859031
26 0.756667 0.215859 0.0566667 0.0969163
26 0.79 0.218062 0.0566667 0.0969163
27 0.223333 0.812775 0.04 0.0660793
11 0.928333 0.670705 0.0166667 0.0947137
40 0.608333 0.342511 0.0266667 0.0947137
17 0.325 0.457048 0.0266667 0.0947137
11 0.795833 0.795154 0.0216667 0.101322
37 0.299167 0.810573 0.0516667 0.0748899
34 0.505 0.457048 0.0233333 0.0947137
32 0.62 0.577093 0.02 0.0792952
4 0.815833 0.679515 0.025 0.0903084
25 0.591667 0.211454 0.0566667 0.092511
12 0.888333 0.794053 0.02 0.0947137
24 0.755833 0.697137 0.025 0.0859031
25 0.708333 0.21696 0.0233333 0.103524
28 0.728333 0.572687 0.03 0.0792952
11 0.95 0.669604 0.0233333 0.092511
27 0.2425 0.812775 0.045 0.0704846
37 0.3275 0.80837 0.0516667 0.0704846
12 0.83 0.461454 0.02 0.10793
18 0.215 0.45815 0.0233333 0.092511
27 0.0916667 0.816079 0.0266667 0.0682819
24 0.726667 0.570485 0.0233333 0.0837004
24 0.790833 0.463656 0.0416667 0.0903084
34 0.559167 0.447137 0.0316667 0.0837004
24 0.793333 0.571586 0.02 0.0859031
17 0.316667 0.339207 0.0266667 0.114537
10 0.951667 0.566079 0.0233333 0.0969163
25 0.771667 0.21696 0.0266667 0.103524
28 0.0108333 0.343612 0.0216667 0.092511
2 0.0275 0.186123 0.025 0.143172
11 0.976667 0.668502 0.02 0.0903084
37 0.626667 0.699339 0.0466667 0.0770925
31 0.500833 0.698238 0.025 0.092511
18 0.385833 0.453745 0.025 0.0969163
14 0.296667 0.577093 0.0266667 0.0881057
28 0.766667 0.578194 0.0233333 0.0859031
18 0.324167 0.454846 0.0283333 0.0991189
2 0.0858333 0.183921 0.025 0.143172
37 0.596667 0.696035 0.0466667 0.0837004
24 0.766667 0.578194 0.0233333 0.0859031
12 0.796667 0.797357 0.02 0.101322
28 0.1075 0.468062 0.0283333 0.0903084
2 0.115833 0.179515 0.0283333 0.143172
33 0.591667 0.575991 0.02 0.0770925
31 0.665833 0.812775 0.0216667 0.0748899
11 0.813333 0.339207 0.0166667 0.105727
33 0.1075 0.46696 0.0283333 0.092511
32 0.201667 0.561674 0.02 0.0748899
4 0.8 0.677313 0.0233333 0.0859031
16 0.244167 0.697137 0.025 0.0770925
39 0.350833 0.215859 0.025 0.101322
15 0.245833 0.568282 0.025 0.0748899
22 0.45 0.810573 0.0266667 0.0792952
12 0.819167 0.796256 0.0183333 0.0991189
24 0.533333 0.806167 0.0266667 0.0792952
34 0.530833 0.453745 0.0216667 0.0881057
32 0.583333 0.451542 0.0266667 0.0792952
27 0.12 0.811674 0.0233333 0.0682819
37 0.5425 0.342511 0.0283333 0.0947137
40 0.668333 0.345815 0.0266667 0.0969163
4 0.83 0.213656 0.0233333 0.105727
16 0.2175 0.698238 0.025 0.0792952
28 0.015 0.701542 0.0266667 0.0859031
28 0.0775 0.470264 0.025 0.0903084
28 0.74 0.461454 0.0233333 0.0903084
26 0.705833 0.218062 0.025 0.0969163
40 0.638333 0.343612 0.03 0.0969163
28 0.0733333 0.700441 0.0266667 0.0792952
25 0.663333 0.215859 0.0266667 0.0881057
10 0.965833 0.45815 0.0216667 0.101322
28 0.755833 0.698238 0.025 0.0837004
15 0.415833 0.568282 0.025 0.0748899
4 0.9825 0.668502 0.025 0.0903084
4 0.880833 0.212555 0.0183333 0.10793
18 0.355 0.459251 0.0266667 0.0991189
21 0.3525 0.213656 0.0216667 0.0969163
27 0.146667 0.813877 0.0266667 0.0726872
15 0.3875 0.570485 0.0216667 0.0792952
4 0.858333 0.211454 0.0233333 0.110132
18 0.529167 0.566079 0.0216667 0.0881057
14 0.331667 0.692731 0.0233333 0.0859031
33 0.725833 0.811674 0.0183333 0.0726872
31 0.64 0.801762 0.02 0.0748899
18 0.239167 0.460352 0.0216667 0.0969163
1 0.983333 0.205947 0.0266667 0.125551
13 0.440833 0.694934 0.0216667 0.0859031
24 0.504167 0.805066 0.025 0.0770925
31 0.555 0.697137 0.0266667 0.0814978
18 0.415833 0.461454 0.025 0.0991189
31 0.5875 0.807269 0.025 0.0814978
12 0.868333 0.795154 0.02 0.092511
25 0.571667 0.215859 0.0233333 0.101322
32 0.6175 0.459251 0.0283333 0.0903084
15 0.295833 0.578194 0.025 0.0770925
20 0.0925 0.814978 0.0216667 0.0704846
33 0.1825 0.454846 0.025 0.0859031
4 0.829167 0.679515 0.0183333 0.0947137
26 0.8025 0.214758 0.025 0.103524
24 0.560833 0.809471 0.0283333 0.0770925
1 0.938333 0.202643 0.03 0.127753
21 0.3775 0.213656 0.025 0.101322
24 0.740833 0.461454 0.025 0.0814978
18 0.266667 0.460352 0.0266667 0.101322
32 0.646667 0.459251 0.0266667 0.0903084
28 0.0441667 0.701542 0.025 0.0814978
32 0.141667 0.560573 0.0266667 0.0770925
4 0.783333 0.686123 0.0233333 0.0991189
26 0.736667 0.21696 0.0266667 0.0947137
33 0.06 0.579295 0.0233333 0.0792952
18 0.294167 0.462555 0.0283333 0.101322
15 0.444167 0.569383 0.025 0.0814978
31 0.615 0.811674 0.02 0.0770925
27 0.175 0.814978 0.0233333 0.0704846
32 0.715833 0.465859 0.025 0.0859031
31 0.525833 0.696035 0.025 0.0837004
25 0.508333 0.212555 0.0266667 0.0991189
18 0.473333 0.459251 0.0266667 0.0991189
33 0.139167 0.568282 0.025 0.0704846
33 0.0908333 0.584802 0.025 0.0814978
26 0.773333 0.215859 0.0266667 0.105727
25 0.541667 0.214758 0.0266667 0.103524
27 0.2025 0.811674 0.025 0.0726872
27 0.258333 0.809471 0.0233333 0.0726872
11 0.928333 0.337004 0.0233333 0.105727
11 0.835833 0.339207 0.025 0.101322
37 0.610833 0.696035 0.0216667 0.0837004
39 0.178333 0.210352 0.0266667 0.0991189
37 0.511667 0.340308 0.0266667 0.0947137
22 0.474167 0.340308 0.025 0.0947137
37 0.583333 0.696035 0.0233333 0.0837004
37 0.2875 0.80837 0.0216667 0.0704846
32 0.684167 0.465859 0.0283333 0.0903084
22 0.444167 0.337004 0.025 0.0969163
11 0.9525 0.337004 0.025 0.110132
37 0.638333 0.693833 0.02 0.0837004
28 0.0191667 0.465859 0.0283333 0.0859031
11 0.978333 0.337004 0.0233333 0.110132
18 0.503333 0.570485 0.0233333 0.092511
18 0.444167 0.45815 0.025 0.0969163
37 0.341667 0.811674 0.0233333 0.0770925
37 0.314167 0.811674 0.025 0.0770925
28 0.0475 0.468062 0.0283333 0.0903084
33 0.138333 0.46696 0.0266667 0.0881057
39 0.309167 0.211454 0.0283333 0.110132
39 0.21 0.209251 0.03 0.101322
21 0.4425 0.209251 0.0316667 0.110132
22 0.4125 0.340308 0.025 0.103524
37 0.3675 0.809471 0.025 0.0814978
39 0.2425 0.210352 0.0283333 0.0991189
21 0.475 0.211454 0.0266667 0.105727
11 0.874167 0.339207 0.025 0.101322
28 0.0608333 0.344714 0.0283333 0.0903084
25 0.64 0.21696 0.0266667 0.0991189
11 0.903333 0.338106 0.02 0.0991189
28 0.0275 0.348018 0.0283333 0.092511
25 0.6075 0.21696 0.0283333 0.103524
21 0.409167 0.212555 0.0283333 0.10793
