33 0.503333 0.577093 0.0266667 0.0881057
31 0.500833 0.696035 0.025 0.092511
15 0.264167 0.571586 0.035 0.0770925
11 0.950833 0.670705 0.0216667 0.0903084
12 0.9125 0.792952 0.0216667 0.0881057
11 0.803333 0.784141 0.02 0.0792952
33 0.166667 0.571586 0.0366667 0.0770925
21 0.4025 0.213656 0.0583333 0.101322
27 0.0916667 0.816079 0.0266667 0.0682819
32 0.666667 0.464758 0.06 0.0881057
32 0.649167 0.577093 0.0216667 0.0881057
31 0.47 0.690529 0.0266667 0.0903084
24 0.793333 0.572687 0.02 0.0792952
6 0.935833 0.792952 0.0216667 0.101322
10 0.985 0.460352 0.02 0.092511
6 0.9125 0.792952 0.0216667 0.0969163
28 0.0591667 0.468062 0.065 0.0903084
4 0.905833 0.212555 0.025 0.0991189
11 0.925833 0.679515 0.0216667 0.0947137
14 0.2425 0.699339 0.025 0.0726872
25 0.59 0.213656 0.0566667 0.092511
18 0.5625 0.465859 0.0283333 0.0991189
32 0.676667 0.580396 0.0233333 0.0859031
14 0.270833 0.699339 0.025 0.0814978
4 0.815833 0.682819 0.035 0.101322
31 0.630833 0.811674 0.0383333 0.0726872
25 0.740833 0.214758 0.025 0.103524
32 0.621667 0.578194 0.0233333 0.0859031
43 0.0133333 0.813877 0.0233333 0.0638767
27 0.223333 0.813877 0.04 0.0682819
1 0.984167 0.209251 0.0216667 0.105727
27 0.241667 0.813877 0.0433333 0.0682819
37 0.3 0.812775 0.05 0.0748899
12 0.829167 0.461454 0.0216667 0.0947137
34 0.59 0.46696 0.0266667 0.0969163
37 0.624167 0.694934 0.045 0.0726872
37 0.598333 0.696035 0.05 0.0837004
28 0.0175 0.582599 0.0316667 0.0726872
18 0.504167 0.45815 0.025 0.0969163
32 0.715 0.465859 0.0233333 0.0859031
28 0.761667 0.582599 0.0266667 0.0859031
37 0.3275 0.809471 0.0516667 0.0682819
34 0.563333 0.468062 0.0266667 0.0991189
11 0.936667 0.345815 0.0466667 0.0969163
28 0.755833 0.697137 0.025 0.0814978
15 0.275833 0.569383 0.0283333 0.0682819
24 0.755833 0.696035 0.025 0.0837004
16 0.216667 0.698238 0.0266667 0.0748899
4 0.841667 0.680617 0.0366667 0.101322
22 0.450833 0.809471 0.025 0.0814978
1 0.974167 0.205947 0.025 0.112335
8 0.896667 0.682819 0.0233333 0.0969163
37 0.543333 0.344714 0.0266667 0.0991189
40 0.668333 0.343612 0.0266667 0.0969163
11 0.783333 0.78304 0.02 0.0814978
14 0.300833 0.698238 0.025 0.0837004
28 0.075 0.702643 0.0266667 0.0792952
11 0.9875 0.678414 0.0183333 0.101322
28 0.0208333 0.705947 0.0283333 0.0770925
14 0.325 0.577093 0.0266667 0.0837004
16 0.2425 0.697137 0.025 0.0770925
31 0.588333 0.809471 0.0266667 0.0814978
2 0.0866667 0.190529 0.0233333 0.138767
27 0.12 0.812775 0.0233333 0.0660793
11 0.85 0.78304 0.02 0.0859031
15 0.245833 0.570485 0.025 0.0792952
11 0.804167 0.342511 0.0216667 0.0903084
32 0.621667 0.468062 0.0266667 0.0903084
18 0.3875 0.461454 0.035 0.0947137
18 0.53 0.45815 0.0233333 0.0969163
18 0.324167 0.454846 0.0283333 0.0991189
31 0.618333 0.811674 0.0233333 0.0726872
28 0.01 0.343612 0.02 0.092511
32 0.654167 0.46696 0.025 0.092511
40 0.6375 0.343612 0.0283333 0.0969163
17 0.325 0.457048 0.0266667 0.0991189
20 0.0933333 0.814978 0.0233333 0.0704846
24 0.5325 0.807269 0.025 0.0859031
15 0.324167 0.578194 0.0283333 0.0814978
2 0.025 0.185022 0.0233333 0.145374
2 0.0541667 0.188326 0.025 0.138767
11 0.8725 0.781938 0.0183333 0.0881057
25 0.7075 0.218062 0.0283333 0.0969163
31 0.6425 0.811674 0.0216667 0.0726872
27 0.146667 0.814978 0.0266667 0.0704846
15 0.386667 0.57489 0.0233333 0.0837004
4 0.829167 0.215859 0.0216667 0.101322
32 0.683333 0.468062 0.0266667 0.0903084
26 0.739167 0.21696 0.025 0.0947137
1 0.935833 0.207048 0.025 0.118943
33 0.0608333 0.580396 0.025 0.0770925
21 0.3525 0.215859 0.0216667 0.0969163
31 0.554167 0.694934 0.0216667 0.0859031
26 0.801667 0.215859 0.0266667 0.0969163
32 0.185 0.570485 0.0266667 0.0837004
24 0.504167 0.790749 0.025 0.0792952
18 0.263333 0.460352 0.03 0.101322
18 0.233333 0.462555 0.03 0.101322
24 0.763333 0.580396 0.0266667 0.0859031
31 0.5275 0.694934 0.025 0.0859031
11 0.983333 0.343612 0.0266667 0.0969163
2 0.144167 0.188326 0.025 0.147577
13 0.44 0.694934 0.0233333 0.0859031
24 0.735 0.580396 0.0233333 0.0859031
14 0.329167 0.699339 0.025 0.0859031
28 0.0458333 0.703744 0.025 0.0770925
18 0.195 0.337004 0.0266667 0.105727
15 0.441667 0.577093 0.0233333 0.0837004
4 0.855833 0.211454 0.025 0.101322
4 0.880833 0.212555 0.0216667 0.103524
32 0.1575 0.570485 0.025 0.0837004
4 0.804167 0.682819 0.025 0.0969163
28 0.00666667 0.579295 0.0133333 0.0792952
26 0.773333 0.219163 0.0266667 0.0991189
17 0.293333 0.460352 0.0266667 0.101322
28 0.0783333 0.469163 0.0266667 0.092511
33 0.724167 0.810573 0.025 0.0748899
28 0.108333 0.468062 0.03 0.0947137
15 0.410833 0.577093 0.025 0.0837004
15 0.470833 0.575991 0.025 0.0814978
21 0.3775 0.213656 0.025 0.0969163
18 0.354167 0.460352 0.025 0.101322
18 0.473333 0.460352 0.0266667 0.101322
27 0.175833 0.813877 0.025 0.0682819
33 0.7 0.812775 0.0233333 0.0748899
18 0.294167 0.461454 0.0283333 0.103524
11 0.954167 0.342511 0.025 0.0991189
37 0.513333 0.344714 0.0266667 0.0947137
18 0.415 0.461454 0.0266667 0.103524
24 0.560833 0.809471 0.0283333 0.0770925
27 0.258333 0.811674 0.0233333 0.0726872
27 0.2025 0.812775 0.025 0.0704846
32 0.12 0.579295 0.0266667 0.0837004
15 0.295833 0.578194 0.0283333 0.0770925
22 0.3775 0.342511 0.0283333 0.103524
11 0.926667 0.34141 0.0233333 0.092511
33 0.119167 0.582599 0.025 0.0814978
25 0.668333 0.21696 0.03 0.0903084
22 0.474167 0.343612 0.025 0.0969163
18 0.444167 0.460352 0.0283333 0.0969163
37 0.635833 0.689427 0.0183333 0.0748899
25 0.57 0.21696 0.0233333 0.103524
33 0.09 0.581498 0.0266667 0.0748899
18 0.203333 0.460352 0.0266667 0.101322
33 0.171667 0.463656 0.03 0.0947137
21 0.474167 0.213656 0.025 0.101322
4 0.83 0.679515 0.02 0.0859031
4 0.780833 0.683921 0.0183333 0.0947137
37 0.611667 0.697137 0.0233333 0.0859031
37 0.584167 0.696035 0.0216667 0.0837004
37 0.288333 0.809471 0.0233333 0.0726872
17 0.196667 0.334802 0.0266667 0.110132
28 0.0283333 0.580396 0.0266667 0.0770925
39 0.1775 0.210352 0.0283333 0.0991189
22 0.445 0.337004 0.0266667 0.0969163
37 0.341667 0.813877 0.0233333 0.0770925
11 0.830833 0.342511 0.025 0.0947137
37 0.314167 0.812775 0.025 0.0748899
21 0.441667 0.212555 0.0333333 0.103524
28 0.130833 0.334802 0.0216667 0.0881057
28 0.0191667 0.46696 0.0283333 0.0881057
39 0.243333 0.212555 0.0266667 0.0991189
28 0.0475 0.46696 0.0283333 0.0969163
39 0.21 0.210352 0.03 0.0991189
25 0.64 0.215859 0.0266667 0.0969163
11 0.8725 0.342511 0.025 0.0903084
37 0.368333 0.812775 0.0266667 0.0792952
33 0.14 0.468062 0.0266667 0.0903084
28 0.0608333 0.344714 0.0283333 0.0947137
39 0.310833 0.211454 0.0283333 0.110132
22 0.4125 0.342511 0.025 0.103524
11 0.9025 0.34141 0.0216667 0.0969163
28 0.0291667 0.348018 0.0283333 0.092511
25 0.605833 0.21696 0.0283333 0.103524
21 0.41 0.214758 0.0266667 0.103524
