32 0.59 0.579295 0.0266667 0.0881057
32 0.5625 0.579295 0.025 0.0837004
11 0.823333 0.781938 0.02 0.0748899
5 0.915 0.457048 0.02 0.103524
32 0.668333 0.464758 0.06 0.0881057
24 0.745833 0.463656 0.0283333 0.0859031
33 0.124167 0.468062 0.0516667 0.0903084
18 0.591667 0.46696 0.0266667 0.0969163
12 0.880833 0.457048 0.0216667 0.103524
33 0.749167 0.810573 0.0183333 0.0704846
37 0.575 0.344714 0.0266667 0.0991189
31 0.626667 0.803965 0.0366667 0.0704846
27 0.2225 0.813877 0.0416667 0.0682819
4 0.890833 0.213656 0.0383333 0.0969163
32 0.621667 0.578194 0.0233333 0.0859031
26 0.7575 0.21696 0.0583333 0.0947137
11 0.97 0.340308 0.04 0.0947137
28 0.00833333 0.57489 0.0133333 0.0748899
21 0.4 0.213656 0.06 0.101322
22 0.451667 0.80837 0.0266667 0.0837004
18 0.534167 0.578194 0.025 0.0903084
3 0.826667 0.564978 0.02 0.0903084
14 0.2425 0.699339 0.025 0.0726872
24 0.745833 0.580396 0.0516667 0.0814978
25 0.59 0.213656 0.0566667 0.092511
4 0.815 0.680617 0.0233333 0.092511
12 0.9125 0.79185 0.0216667 0.0903084
27 0.241667 0.812775 0.0433333 0.0704846
17 0.254167 0.334802 0.0283333 0.0969163
34 0.5025 0.459251 0.025 0.0947137
4 0.840833 0.678414 0.035 0.105727
18 0.5025 0.457048 0.025 0.0991189
14 0.270833 0.699339 0.025 0.0814978
37 0.328333 0.809471 0.05 0.0682819
33 0.109167 0.465859 0.0283333 0.0947137
43 0.0133333 0.813877 0.0233333 0.0638767
12 0.8275 0.461454 0.0216667 0.103524
37 0.299167 0.811674 0.0516667 0.0726872
28 0.0158333 0.702643 0.0283333 0.0792952
18 0.5625 0.464758 0.0283333 0.101322
16 0.2175 0.699339 0.025 0.0770925
15 0.275833 0.569383 0.0283333 0.0682819
2 0.0583333 0.190529 0.0266667 0.134361
1 0.931667 0.203744 0.03 0.121145
11 0.938333 0.344714 0.0466667 0.0991189
40 0.669167 0.34141 0.025 0.0969163
34 0.530833 0.45815 0.025 0.092511
18 0.324167 0.454846 0.0283333 0.0991189
11 0.783333 0.78304 0.02 0.0814978
27 0.120833 0.811674 0.025 0.0682819
28 0.0741667 0.702643 0.0283333 0.0792952
11 0.928333 0.669604 0.02 0.0969163
2 0.0875 0.192731 0.025 0.138767
16 0.2425 0.699339 0.025 0.0770925
32 0.715833 0.469163 0.0283333 0.0881057
1 0.948333 0.205947 0.04 0.125551
32 0.6225 0.46696 0.025 0.092511
32 0.655 0.465859 0.0266667 0.0903084
4 0.824167 0.556167 0.0216667 0.0903084
15 0.246667 0.570485 0.0233333 0.0792952
1 0.966667 0.204846 0.0466667 0.123348
32 0.1875 0.571586 0.025 0.0859031
11 0.850833 0.784141 0.0216667 0.0881057
24 0.754167 0.698238 0.025 0.0837004
31 0.666667 0.814978 0.0233333 0.0704846
28 0.734167 0.579295 0.025 0.0837004
14 0.300833 0.698238 0.025 0.0837004
31 0.500833 0.693833 0.0216667 0.0837004
37 0.543333 0.343612 0.0266667 0.0969163
11 0.9875 0.67511 0.0183333 0.103524
14 0.325 0.577093 0.0266667 0.0837004
10 0.964167 0.459251 0.0216667 0.0991189
17 0.325 0.45815 0.0266667 0.0969163
25 0.706667 0.21696 0.0266667 0.0947137
11 0.950833 0.670705 0.0216667 0.0947137
15 0.389167 0.570485 0.0216667 0.0748899
32 0.683333 0.46696 0.0266667 0.092511
11 0.873333 0.784141 0.0166667 0.0881057
32 0.159167 0.571586 0.025 0.0814978
18 0.530833 0.457048 0.025 0.0947137
28 0.761667 0.580396 0.0266667 0.0859031
40 0.6375 0.343612 0.0283333 0.0969163
34 0.590833 0.46696 0.025 0.0969163
1 0.985 0.207048 0.0233333 0.123348
27 0.146667 0.814978 0.0266667 0.0704846
20 0.0933333 0.814978 0.0233333 0.0704846
4 0.900833 0.213656 0.0183333 0.101322
28 0.00916667 0.344714 0.0183333 0.0947137
2 0.0266667 0.188326 0.0233333 0.143172
24 0.763333 0.579295 0.0266667 0.0881057
24 0.735 0.578194 0.0233333 0.0859031
24 0.504167 0.790749 0.0216667 0.0792952
15 0.324167 0.578194 0.0283333 0.0814978
24 0.531667 0.80837 0.0233333 0.0837004
18 0.386667 0.461454 0.0333333 0.0947137
28 0.109167 0.46696 0.0283333 0.092511
28 0.0783333 0.469163 0.0266667 0.092511
33 0.06 0.581498 0.0233333 0.0792952
15 0.411667 0.578194 0.0233333 0.0770925
18 0.263333 0.461454 0.03 0.103524
18 0.234167 0.462555 0.0316667 0.101322
21 0.3525 0.215859 0.0216667 0.0969163
15 0.439167 0.577093 0.025 0.0792952
32 0.131667 0.572687 0.0266667 0.0881057
24 0.0291667 0.582599 0.025 0.0770925
2 0.143333 0.188326 0.0233333 0.147577
28 0.0458333 0.705947 0.025 0.0770925
4 0.829167 0.213656 0.0216667 0.105727
11 0.983333 0.34141 0.0266667 0.101322
26 0.739167 0.218062 0.0283333 0.092511
26 0.801667 0.215859 0.0266667 0.101322
34 0.564167 0.46696 0.025 0.101322
4 0.856667 0.209251 0.0233333 0.110132
14 0.329167 0.698238 0.025 0.0881057
18 0.354167 0.460352 0.025 0.101322
17 0.294167 0.460352 0.025 0.101322
18 0.195 0.337004 0.0266667 0.105727
18 0.474167 0.455947 0.025 0.101322
4 0.88 0.212555 0.02 0.10793
27 0.175833 0.813877 0.025 0.0682819
4 0.805 0.681718 0.0233333 0.0991189
33 0.09 0.581498 0.0266667 0.0792952
27 0.2025 0.812775 0.025 0.0704846
33 0.135 0.573789 0.0233333 0.0770925
18 0.294167 0.462555 0.0283333 0.101322
27 0.258333 0.811674 0.0233333 0.0726872
21 0.3775 0.214758 0.025 0.0991189
33 0.725833 0.812775 0.0183333 0.0748899
11 0.955833 0.339207 0.025 0.101322
31 0.64 0.801762 0.02 0.0660793
26 0.773333 0.218062 0.0266667 0.101322
31 0.589167 0.807269 0.025 0.0814978
18 0.415 0.461454 0.0266667 0.103524
37 0.5125 0.344714 0.0283333 0.0947137
15 0.295833 0.578194 0.0283333 0.0770925
31 0.5275 0.697137 0.025 0.0814978
11 0.805 0.34141 0.0233333 0.0969163
18 0.443333 0.45815 0.0266667 0.0969163
11 0.9275 0.338106 0.0216667 0.0991189
25 0.57 0.21696 0.0233333 0.103524
15 0.469167 0.579295 0.0283333 0.0837004
22 0.3775 0.342511 0.0283333 0.103524
31 0.615 0.812775 0.02 0.0748899
33 0.171667 0.463656 0.03 0.0947137
22 0.475 0.342511 0.0266667 0.0947137
4 0.781667 0.683921 0.02 0.0947137
28 0.0291667 0.581498 0.025 0.0748899
31 0.554167 0.692731 0.0216667 0.0859031
18 0.204167 0.460352 0.025 0.101322
4 0.83 0.678414 0.02 0.0881057
25 0.6675 0.21696 0.0283333 0.0903084
37 0.608333 0.682819 0.02 0.0792952
28 0.130833 0.334802 0.0216667 0.0881057
21 0.474167 0.214758 0.025 0.0991189
37 0.583333 0.694934 0.0233333 0.0814978
39 0.178333 0.211454 0.0266667 0.101322
17 0.196667 0.334802 0.0266667 0.110132
37 0.288333 0.809471 0.0233333 0.0726872
22 0.445 0.337004 0.0233333 0.0969163
37 0.3425 0.813877 0.025 0.0770925
37 0.314167 0.812775 0.025 0.0748899
21 0.4425 0.212555 0.0316667 0.103524
28 0.0191667 0.465859 0.0283333 0.0859031
39 0.243333 0.213656 0.0266667 0.0969163
39 0.21 0.210352 0.03 0.0991189
28 0.0475 0.46696 0.0283333 0.092511
28 0.0608333 0.346916 0.0283333 0.0947137
39 0.31 0.210352 0.03 0.112335
25 0.64 0.21696 0.0266667 0.0947137
33 0.14 0.46696 0.0266667 0.0881057
37 0.368333 0.812775 0.0266667 0.0792952
11 0.874167 0.34141 0.025 0.0969163
22 0.413333 0.342511 0.0266667 0.103524
25 0.606667 0.218062 0.0266667 0.101322
11 0.831667 0.343612 0.0266667 0.0969163
28 0.0291667 0.349119 0.0283333 0.0947137
11 0.9025 0.340308 0.0216667 0.0991189
21 0.409167 0.215859 0.0283333 0.101322
