32 0.643333 0.577093 0.0233333 0.0837004
37 0.573333 0.344714 0.0266667 0.0947137
16 0.3 0.696035 0.03 0.0837004
33 0.0725 0.799559 0.0183333 0.0704846
14 0.300833 0.699339 0.025 0.0814978
18 0.4875 0.463656 0.0483333 0.0947137
37 0.328333 0.812775 0.0533333 0.0704846
17 0.2925 0.463656 0.025 0.0991189
14 0.269167 0.698238 0.025 0.0792952
6 0.969167 0.796256 0.0416667 0.0859031
31 0.5875 0.777533 0.045 0.061674
33 0.7125 0.810573 0.045 0.0704846
37 0.299167 0.814978 0.0483333 0.0748899
27 0.1625 0.818282 0.045 0.0726872
28 0.743333 0.468062 0.0266667 0.0903084
34 0.590833 0.470264 0.025 0.0991189
40 0.604167 0.344714 0.0316667 0.0903084
10 0.985 0.465859 0.02 0.0903084
4 0.905833 0.214758 0.025 0.10793
4 0.815833 0.688326 0.0383333 0.0859031
10 0.963333 0.464758 0.02 0.092511
33 0.1075 0.46696 0.0283333 0.092511
25 0.625833 0.21696 0.0516667 0.0991189
5 0.945 0.463656 0.02 0.0947137
24 0.731667 0.572687 0.03 0.0837004
33 0.015 0.814978 0.0266667 0.0748899
2 0.0516667 0.194934 0.0233333 0.134361
10 0.96 0.571586 0.0333333 0.0814978
13 0.413333 0.693833 0.0233333 0.0881057
26 0.786667 0.219163 0.05 0.0947137
11 0.854167 0.343612 0.0416667 0.0881057
6 0.853333 0.689427 0.0233333 0.0837004
26 0.755 0.219163 0.0566667 0.0947137
4 0.821667 0.57489 0.02 0.0792952
27 0.095 0.817181 0.02 0.0704846
40 0.668333 0.348018 0.03 0.092511
1 0.943333 0.210352 0.0433333 0.112335
20 0.0841667 0.813877 0.025 0.0682819
27 0.12 0.813877 0.0233333 0.0726872
15 0.210833 0.579295 0.0216667 0.0792952
33 0.0516667 0.799559 0.02 0.0704846
22 0.45 0.812775 0.0266667 0.0837004
25 0.523333 0.214758 0.06 0.103524
16 0.214167 0.702643 0.025 0.0881057
4 0.841667 0.687225 0.0366667 0.0792952
11 0.8375 0.343612 0.0383333 0.0969163
33 0.770833 0.800661 0.0216667 0.0859031
28 0.731667 0.57489 0.03 0.0748899
12 0.825 0.463656 0.02 0.0947137
34 0.503333 0.468062 0.0233333 0.0947137
14 0.294167 0.579295 0.025 0.0837004
28 0.0166667 0.702643 0.0266667 0.0792952
4 0.77 0.67511 0.04 0.0770925
6 0.884167 0.792952 0.0216667 0.0837004
34 0.531667 0.471366 0.0266667 0.0969163
15 0.263333 0.578194 0.0233333 0.0726872
2 0.1175 0.19163 0.025 0.145374
6 0.983333 0.796256 0.0233333 0.0859031
1 0.971667 0.20815 0.0433333 0.103524
28 0.0108333 0.344714 0.0216667 0.0947137
15 0.383333 0.578194 0.0233333 0.0770925
32 0.714167 0.471366 0.0283333 0.0837004
15 0.321667 0.579295 0.0266667 0.0792952
32 0.591667 0.469163 0.0233333 0.092511
1 0.985 0.213656 0.0233333 0.105727
27 0.145833 0.817181 0.025 0.0748899
24 0.525 0.772026 0.02 0.0550661
6 0.875833 0.690529 0.0216667 0.0903084
18 0.3225 0.462555 0.0283333 0.101322
22 0.3775 0.344714 0.0283333 0.103524
40 0.6375 0.344714 0.0316667 0.0947137
18 0.3825 0.463656 0.0283333 0.0991189
18 0.233333 0.464758 0.0266667 0.0969163
31 0.5 0.697137 0.0233333 0.0903084
18 0.2925 0.463656 0.0283333 0.0991189
15 0.353333 0.572687 0.0233333 0.0792952
2 0.025 0.189427 0.0266667 0.140969
6 0.8975 0.690529 0.0216667 0.0903084
11 0.923333 0.344714 0.0266667 0.0947137
26 0.705 0.21696 0.0266667 0.0947137
31 0.4725 0.694934 0.0316667 0.0903084
31 0.643333 0.811674 0.0233333 0.0726872
28 0.0716667 0.469163 0.04 0.0881057
15 0.294167 0.580396 0.0283333 0.0770925
14 0.359167 0.685022 0.0216667 0.0837004
24 0.0283333 0.580396 0.0266667 0.0770925
4 0.8 0.687225 0.03 0.0881057
15 0.239167 0.579295 0.025 0.0704846
28 0.108333 0.468062 0.03 0.0947137
2 0.143333 0.190529 0.0233333 0.138767
6 0.910833 0.797357 0.0216667 0.092511
34 0.5625 0.470264 0.025 0.0991189
18 0.195 0.340308 0.0366667 0.103524
25 0.556667 0.21696 0.0533333 0.103524
27 0.2275 0.822687 0.0216667 0.0682819
14 0.324167 0.580396 0.025 0.0859031
28 0.0741667 0.702643 0.025 0.0748899
37 0.5425 0.343612 0.0283333 0.092511
18 0.2625 0.463656 0.0283333 0.0991189
6 0.935 0.796256 0.02 0.0903084
14 0.3325 0.683921 0.0216667 0.0814978
24 0.764167 0.577093 0.025 0.0881057
25 0.540833 0.214758 0.0316667 0.10793
25 0.576667 0.214758 0.03 0.103524
17 0.2175 0.337004 0.035 0.105727
33 0.0616667 0.580396 0.0233333 0.0814978
18 0.351667 0.463656 0.0266667 0.0991189
28 0.764167 0.579295 0.025 0.0837004
26 0.801667 0.21696 0.0266667 0.0991189
32 0.621667 0.46696 0.0266667 0.0881057
28 0.0075 0.579295 0.015 0.0792952
4 0.980833 0.677313 0.0283333 0.0903084
22 0.473333 0.344714 0.0266667 0.0947137
15 0.410833 0.578194 0.025 0.0770925
32 0.650833 0.468062 0.025 0.0903084
13 0.441667 0.693833 0.0233333 0.0837004
31 0.579167 0.774229 0.0183333 0.0550661
33 0.170833 0.46696 0.0283333 0.092511
28 0.0458333 0.703744 0.025 0.0726872
4 0.83 0.689427 0.02 0.0837004
27 0.173333 0.823789 0.02 0.0704846
11 0.898333 0.343612 0.0233333 0.0881057
21 0.47 0.215859 0.0266667 0.101322
4 0.83 0.215859 0.0233333 0.101322
17 0.1925 0.339207 0.0283333 0.105727
31 0.605833 0.776432 0.025 0.0550661
15 0.443333 0.572687 0.0233333 0.0748899
18 0.413333 0.463656 0.0266667 0.0991189
24 0.744167 0.469163 0.025 0.0792952
26 0.7375 0.215859 0.0283333 0.105727
25 0.506667 0.215859 0.03 0.101322
4 0.880833 0.214758 0.0216667 0.103524
18 0.255 0.338106 0.03 0.112335
32 0.680833 0.471366 0.0283333 0.0881057
11 0.818333 0.34141 0.0233333 0.101322
31 0.525833 0.697137 0.025 0.0814978
11 0.9525 0.344714 0.025 0.0947137
4 0.744167 0.662996 0.0216667 0.061674
11 0.871667 0.343612 0.0266667 0.092511
15 0.471667 0.572687 0.0233333 0.0748899
26 0.771667 0.218062 0.0266667 0.0969163
31 0.669167 0.80837 0.025 0.0748899
28 0.0266667 0.580396 0.0266667 0.0770925
37 0.513333 0.345815 0.0266667 0.092511
18 0.474167 0.462555 0.025 0.0969163
27 0.25 0.838106 0.0233333 0.0682819
33 0.725833 0.813877 0.0216667 0.0770925
4 0.855 0.213656 0.0266667 0.101322
21 0.3725 0.213656 0.025 0.105727
37 0.286667 0.810573 0.0233333 0.0748899
18 0.4425 0.461454 0.0283333 0.0947137
33 0.0908333 0.581498 0.025 0.0792952
17 0.2525 0.335903 0.0283333 0.10793
18 0.221667 0.339207 0.0266667 0.114537
27 0.1975 0.835903 0.0216667 0.0726872
11 0.976667 0.343612 0.0266667 0.0969163
37 0.341667 0.816079 0.0233333 0.0726872
18 0.204167 0.465859 0.0283333 0.0947137
33 0.699167 0.810573 0.025 0.0792952
25 0.671667 0.21696 0.03 0.0991189
37 0.314167 0.816079 0.025 0.0726872
22 0.44 0.34141 0.0266667 0.0969163
31 0.554167 0.700441 0.025 0.0837004
39 0.305 0.210352 0.0266667 0.103524
24 0.503333 0.809471 0.0233333 0.0903084
33 0.121667 0.582599 0.0233333 0.0770925
28 0.0191667 0.472467 0.0283333 0.0903084
28 0.0466667 0.465859 0.03 0.0947137
4 0.779167 0.687225 0.0216667 0.0881057
37 0.369167 0.814978 0.025 0.0792952
28 0.0591667 0.344714 0.0316667 0.0991189
28 0.0941667 0.346916 0.0283333 0.0903084
39 0.176667 0.210352 0.0266667 0.103524
22 0.41 0.342511 0.0266667 0.103524
37 0.581667 0.698238 0.0233333 0.0837004
39 0.340833 0.210352 0.0316667 0.103524
37 0.638333 0.697137 0.0233333 0.0814978
25 0.608333 0.218062 0.03 0.105727
37 0.6125 0.697137 0.025 0.0859031
39 0.240833 0.211454 0.025 0.101322
21 0.406667 0.213656 0.0333333 0.101322
28 0.0266667 0.348018 0.0266667 0.092511
39 0.2075 0.211454 0.0283333 0.0969163
21 0.440833 0.214758 0.0283333 0.103524
33 0.139167 0.468062 0.0283333 0.0903084
25 0.641667 0.218062 0.03 0.105727
