14 0.269167 0.698238 0.0216667 0.0792952
33 0.711667 0.811674 0.0433333 0.0682819
4 0.816667 0.686123 0.0333333 0.0903084
14 0.358333 0.685022 0.02 0.0837004
24 0.786667 0.462555 0.0466667 0.0837004
28 0.158333 0.340308 0.0233333 0.0903084
40 0.599167 0.340308 0.025 0.0903084
4 0.768333 0.674009 0.0366667 0.0792952
28 0.0141667 0.346916 0.0283333 0.0903084
18 0.561667 0.464758 0.0266667 0.0969163
33 0.106667 0.581498 0.0466667 0.0837004
2 0.146667 0.19163 0.02 0.123348
6 0.86 0.796256 0.02 0.0903084
15 0.354167 0.571586 0.025 0.0814978
18 0.615 0.572687 0.0233333 0.0837004
8 0.895833 0.686123 0.0216667 0.0947137
14 0.383333 0.575991 0.0233333 0.0770925
33 0.0233333 0.799559 0.0233333 0.0704846
6 0.875 0.688326 0.0233333 0.0947137
27 0.163333 0.816079 0.0433333 0.0726872
34 0.518333 0.46696 0.0566667 0.0969163
24 0.0175 0.577093 0.0216667 0.0792952
25 0.5575 0.213656 0.0616667 0.0969163
28 0.0716667 0.701542 0.03 0.0770925
24 0.795 0.571586 0.0233333 0.0859031
16 0.2425 0.698238 0.0283333 0.0792952
33 0.136667 0.581498 0.0533333 0.0748899
13 0.411667 0.694934 0.0233333 0.0859031
14 0.354167 0.571586 0.0216667 0.0770925
33 0.128333 0.462555 0.0633333 0.092511
4 0.841667 0.686123 0.0366667 0.0903084
17 0.239167 0.335903 0.0483333 0.103524
28 0.0625 0.579295 0.0283333 0.0748899
4 0.830833 0.215859 0.025 0.101322
11 0.835833 0.34141 0.0416667 0.101322
31 0.511667 0.668502 0.0433333 0.0726872
4 0.9825 0.560573 0.0216667 0.0814978
25 0.590833 0.211454 0.0583333 0.0969163
15 0.385833 0.57489 0.0216667 0.0792952
34 0.504167 0.46696 0.025 0.092511
4 0.79 0.688326 0.0366667 0.0947137
4 0.821667 0.567181 0.02 0.0903084
40 0.668333 0.348018 0.0266667 0.0969163
37 0.624167 0.690529 0.0483333 0.0770925
36 0.668333 0.571586 0.02 0.0814978
6 0.910833 0.795154 0.0216667 0.101322
24 0.1075 0.46696 0.0283333 0.092511
17 0.215 0.339207 0.05 0.101322
12 0.848333 0.459251 0.0233333 0.103524
34 0.531667 0.468062 0.0266667 0.0947137
33 0.0391667 0.573789 0.0183333 0.0770925
2 0.128333 0.192731 0.0233333 0.134361
37 0.541667 0.342511 0.0266667 0.0947137
11 0.853333 0.340308 0.0433333 0.0947137
14 0.299167 0.571586 0.025 0.0814978
1 0.946667 0.209251 0.0433333 0.114537
1 0.9825 0.211454 0.0216667 0.105727
2 0.0258333 0.19163 0.0283333 0.145374
28 0.0166667 0.700441 0.0266667 0.0837004
6 0.939167 0.792952 0.0216667 0.0881057
25 0.706667 0.215859 0.0266667 0.101322
15 0.2625 0.577093 0.0216667 0.0704846
14 0.3275 0.569383 0.0283333 0.0859031
22 0.449167 0.811674 0.025 0.0859031
20 0.0866667 0.813877 0.0266667 0.0726872
26 0.7075 0.215859 0.025 0.101322
12 0.826667 0.459251 0.02 0.0991189
32 0.619167 0.463656 0.0216667 0.0903084
18 0.2575 0.338106 0.025 0.10793
27 0.0958333 0.816079 0.0216667 0.0682819
4 0.84 0.214758 0.0233333 0.0947137
27 0.120833 0.812775 0.025 0.0704846
33 0.120833 0.580396 0.025 0.0770925
25 0.736667 0.215859 0.0266667 0.101322
13 0.438333 0.694934 0.0233333 0.0859031
14 0.334167 0.686123 0.0216667 0.0814978
4 0.895833 0.211454 0.025 0.105727
40 0.639167 0.345815 0.0283333 0.092511
24 0.575833 0.77533 0.0216667 0.0704846
39 0.371667 0.210352 0.0266667 0.10793
16 0.215833 0.701542 0.0216667 0.0814978
26 0.760833 0.21696 0.0216667 0.0947137
24 0.525 0.77533 0.0166667 0.0528634
1 0.964167 0.205947 0.035 0.112335
15 0.298333 0.571586 0.0266667 0.0814978
31 0.5 0.678414 0.0233333 0.0881057
34 0.59 0.463656 0.0233333 0.0947137
26 0.803333 0.218062 0.03 0.0969163
4 0.863333 0.214758 0.0233333 0.0991189
15 0.215 0.582599 0.0266667 0.0814978
28 0.0466667 0.701542 0.0233333 0.0770925
32 0.120833 0.580396 0.025 0.0814978
28 0.754167 0.570485 0.0216667 0.0837004
33 0.1775 0.462555 0.0216667 0.0881057
43 0.0241667 0.802863 0.0216667 0.0726872
27 0.145833 0.814978 0.025 0.0748899
32 0.645833 0.462555 0.025 0.0881057
32 0.150833 0.578194 0.025 0.0814978
36 0.704167 0.577093 0.025 0.092511
18 0.193333 0.342511 0.03 0.103524
33 0.1525 0.579295 0.025 0.0792952
27 0.226667 0.821586 0.0233333 0.0704846
25 0.506667 0.214758 0.0266667 0.103524
18 0.3875 0.45815 0.0283333 0.101322
25 0.539167 0.215859 0.025 0.101322
26 0.7375 0.214758 0.025 0.0991189
4 0.803333 0.685022 0.0233333 0.0881057
32 0.710833 0.46696 0.0316667 0.0837004
18 0.2275 0.335903 0.025 0.10793
18 0.580833 0.575991 0.025 0.0814978
22 0.376667 0.343612 0.0266667 0.101322
31 0.468333 0.689427 0.0233333 0.0881057
6 0.98 0.796256 0.0233333 0.0947137
11 0.896667 0.34141 0.0166667 0.092511
37 0.29 0.799559 0.0233333 0.0704846
4 0.744167 0.661894 0.0216667 0.0594714
33 0.0633333 0.579295 0.0233333 0.0837004
34 0.5625 0.468062 0.025 0.0947137
33 0.725 0.809471 0.0233333 0.0814978
31 0.58 0.77533 0.02 0.0572687
21 0.47 0.214758 0.0233333 0.0991189
15 0.440833 0.575991 0.0216667 0.0814978
31 0.605 0.77533 0.02 0.0572687
11 0.9225 0.34141 0.025 0.092511
24 0.741667 0.46696 0.0266667 0.0792952
27 0.1725 0.822687 0.0216667 0.0682819
18 0.234167 0.463656 0.0283333 0.0991189
22 0.473333 0.343612 0.0266667 0.0969163
31 0.644167 0.811674 0.025 0.0726872
15 0.411667 0.580396 0.0233333 0.0814978
25 0.570833 0.214758 0.0283333 0.103524
28 0.0183333 0.577093 0.02 0.0748899
33 0.699167 0.810573 0.025 0.0792952
11 0.819167 0.340308 0.0216667 0.0991189
4 0.83 0.681718 0.02 0.0770925
31 0.669167 0.80837 0.025 0.0748899
18 0.553333 0.57489 0.0233333 0.0837004
27 0.25 0.837004 0.0233333 0.0704846
33 0.0908333 0.579295 0.025 0.0792952
18 0.475 0.461454 0.0266667 0.0991189
4 0.779167 0.686123 0.0216667 0.0947137
21 0.3725 0.213656 0.025 0.105727
37 0.5125 0.344714 0.0283333 0.0947137
18 0.415 0.461454 0.0233333 0.103524
33 0.108333 0.464758 0.0266667 0.0881057
24 0.755 0.571586 0.0266667 0.0814978
17 0.255833 0.332599 0.025 0.101322
33 0.151667 0.465859 0.0233333 0.0903084
27 0.1975 0.834802 0.0216667 0.0748899
32 0.675 0.461454 0.0266667 0.0859031
15 0.469167 0.577093 0.025 0.0837004
18 0.445833 0.459251 0.025 0.0947137
28 0.0583333 0.344714 0.0266667 0.0947137
31 0.524167 0.674009 0.025 0.0837004
37 0.343333 0.814978 0.0233333 0.0704846
18 0.2625 0.460352 0.0283333 0.105727
31 0.551667 0.685022 0.0233333 0.0837004
18 0.204167 0.464758 0.0283333 0.0969163
24 0.503333 0.807269 0.0233333 0.0903084
22 0.44 0.34141 0.0266667 0.0969163
25 0.671667 0.21696 0.03 0.103524
39 0.175833 0.209251 0.0283333 0.101322
28 0.0583333 0.464758 0.0266667 0.0881057
37 0.635833 0.687225 0.0216667 0.0792952
28 0.0216667 0.465859 0.03 0.0859031
25 0.6075 0.21696 0.0316667 0.103524
39 0.208333 0.211454 0.03 0.0969163
22 0.41 0.342511 0.0266667 0.0991189
37 0.369167 0.813877 0.025 0.0770925
37 0.315 0.816079 0.0233333 0.0726872
11 0.8725 0.340308 0.025 0.0991189
21 0.405833 0.212555 0.0316667 0.103524
37 0.610833 0.693833 0.025 0.0837004
37 0.581667 0.687225 0.0233333 0.0792952
21 0.439167 0.212555 0.0283333 0.103524
28 0.0875 0.343612 0.0283333 0.101322
39 0.3025 0.210352 0.025 0.103524
39 0.2425 0.212555 0.025 0.0991189
28 0.025 0.346916 0.03 0.0947137
39 0.331667 0.211454 0.03 0.101322
28 0.120833 0.345815 0.025 0.101322
25 0.640833 0.21696 0.0316667 0.10793
