39 0.350833 0.337004 0.0283333 0.105727
6 0.929167 0.786344 0.0416667 0.0881057
37 0.526667 0.344714 0.05 0.0947137
33 0.0141667 0.699339 0.025 0.0770925
4 0.971667 0.669604 0.02 0.0792952
8 0.84 0.670705 0.0233333 0.0903084
25 0.5925 0.211454 0.0616667 0.092511
18 0.530833 0.465859 0.025 0.0991189
11 0.828333 0.459251 0.0233333 0.0947137
12 0.828333 0.459251 0.0233333 0.0947137
18 0.228333 0.338106 0.0266667 0.0991189
31 0.626667 0.765419 0.0233333 0.0462555
18 0.561667 0.46696 0.0266667 0.0969163
22 0.395833 0.812775 0.025 0.0792952
28 0.744167 0.465859 0.0283333 0.0903084
34 0.591667 0.465859 0.0266667 0.0947137
17 0.220833 0.339207 0.035 0.0969163
31 0.51 0.676211 0.0433333 0.0704846
33 0.0733333 0.572687 0.0233333 0.0837004
28 0.7775 0.465859 0.025 0.0859031
43 0.0175 0.703744 0.025 0.0770925
32 0.618333 0.575991 0.0233333 0.0859031
24 0.776667 0.465859 0.0233333 0.0859031
2 0.1025 0.185022 0.0283333 0.140969
34 0.53 0.468062 0.0266667 0.0947137
37 0.595 0.687225 0.0466667 0.0792952
19 0.321667 0.337004 0.0233333 0.0969163
31 0.468333 0.671806 0.0233333 0.0748899
25 0.555 0.212555 0.0566667 0.0947137
17 0.2375 0.338106 0.0516667 0.0991189
25 0.525833 0.213656 0.055 0.101322
2 0.0875 0.182819 0.0316667 0.140969
11 0.985 0.564978 0.02 0.0903084
13 0.4425 0.67511 0.025 0.0770925
27 0.2425 0.812775 0.045 0.0704846
14 0.296667 0.580396 0.03 0.0947137
24 0.579167 0.774229 0.0216667 0.0550661
4 0.8025 0.668502 0.035 0.0859031
28 0.103333 0.342511 0.06 0.0947137
26 0.696667 0.218062 0.0266667 0.101322
34 0.561667 0.469163 0.0266667 0.0969163
1 0.9475 0.205947 0.045 0.11674
12 0.869167 0.455947 0.0216667 0.101322
37 0.625833 0.692731 0.045 0.0859031
2 0.130833 0.186123 0.025 0.125551
26 0.726667 0.215859 0.0266667 0.0969163
14 0.305 0.683921 0.0233333 0.0814978
18 0.4975 0.462555 0.035 0.0969163
1 0.9325 0.207048 0.025 0.118943
33 0.690833 0.800661 0.0183333 0.0726872
4 0.774167 0.668502 0.0316667 0.0726872
18 0.413333 0.457048 0.0233333 0.0991189
1 0.968333 0.205947 0.0466667 0.121145
20 0.0808333 0.810573 0.0283333 0.0748899
27 0.0941667 0.817181 0.0216667 0.0704846
24 0.0216667 0.560573 0.0233333 0.0682819
4 0.98 0.667401 0.0266667 0.0837004
14 0.338333 0.664097 0.02 0.0638767
28 0.760833 0.579295 0.025 0.0792952
37 0.394167 0.812775 0.025 0.0837004
18 0.265833 0.45815 0.0283333 0.0969163
32 0.716667 0.469163 0.0266667 0.0837004
37 0.288333 0.810573 0.0233333 0.0748899
28 0.733333 0.580396 0.0233333 0.0814978
22 0.449167 0.810573 0.025 0.0837004
40 0.631667 0.343612 0.0266667 0.0969163
18 0.3575 0.457048 0.025 0.0991189
25 0.6925 0.213656 0.035 0.101322
28 0.0141667 0.700441 0.025 0.0792952
27 0.120833 0.812775 0.025 0.0704846
1 0.985 0.20815 0.0233333 0.121145
24 0.690833 0.797357 0.0183333 0.0748899
16 0.215833 0.699339 0.0216667 0.0770925
37 0.545 0.342511 0.03 0.0947137
17 0.295 0.461454 0.0233333 0.0991189
31 0.6025 0.773128 0.0183333 0.0572687
26 0.791667 0.21696 0.0233333 0.103524
31 0.580833 0.770925 0.015 0.0572687
31 0.498333 0.677313 0.0233333 0.0859031
11 0.95 0.344714 0.02 0.0947137
28 0.0725 0.701542 0.0283333 0.0770925
24 0.504167 0.801762 0.0216667 0.0881057
33 0.170833 0.561674 0.025 0.0748899
2 0.0241667 0.185022 0.0283333 0.15859
32 0.1725 0.560573 0.025 0.0726872
17 0.355833 0.457048 0.025 0.0991189
24 0.735 0.579295 0.0233333 0.0792952
22 0.3525 0.337004 0.025 0.0969163
4 0.8375 0.674009 0.0216667 0.092511
18 0.295 0.461454 0.0266667 0.0991189
17 0.325 0.460352 0.0266667 0.0969163
27 0.146667 0.813877 0.0266667 0.0726872
24 0.7625 0.579295 0.025 0.0792952
26 0.76 0.219163 0.0266667 0.0947137
25 0.641667 0.215859 0.0266667 0.0881057
32 0.6225 0.465859 0.025 0.0903084
17 0.293333 0.334802 0.0233333 0.0969163
4 0.868333 0.213656 0.0266667 0.101322
28 0.0716667 0.468062 0.0366667 0.0859031
11 0.925 0.339207 0.0233333 0.0969163
6 0.918333 0.78304 0.02 0.0859031
18 0.501667 0.573789 0.0233333 0.0859031
15 0.47 0.569383 0.0233333 0.0770925
32 0.654167 0.465859 0.0283333 0.0903084
32 0.133333 0.568282 0.0266667 0.0881057
24 0.529167 0.788546 0.0216667 0.0748899
25 0.508333 0.211454 0.0266667 0.101322
33 0.1 0.572687 0.0266667 0.0792952
18 0.325 0.45815 0.03 0.101322
33 0.716667 0.799559 0.0233333 0.0704846
4 0.785 0.665198 0.0266667 0.0881057
4 0.898333 0.212555 0.0266667 0.10793
24 0.745 0.465859 0.0266667 0.0770925
15 0.295 0.580396 0.0266667 0.0770925
32 0.685 0.46696 0.0266667 0.092511
15 0.321667 0.578194 0.0233333 0.0770925
15 0.3875 0.572687 0.025 0.0792952
27 0.23 0.817181 0.0233333 0.0660793
18 0.234167 0.463656 0.0316667 0.0991189
4 0.818333 0.214758 0.0266667 0.0991189
27 0.2575 0.810573 0.025 0.0704846
28 0.0208333 0.559471 0.025 0.0660793
25 0.570833 0.215859 0.025 0.101322
22 0.39 0.339207 0.0233333 0.092511
28 0.105833 0.465859 0.0283333 0.0947137
6 0.939167 0.78304 0.0183333 0.0814978
15 0.410833 0.577093 0.0283333 0.0837004
28 0.1925 0.342511 0.0316667 0.0991189
15 0.444167 0.570485 0.0216667 0.0748899
17 0.2575 0.335903 0.025 0.0991189
4 0.8375 0.213656 0.0216667 0.0969163
6 0.974167 0.79185 0.025 0.103524
25 0.541667 0.214758 0.0266667 0.0991189
18 0.471667 0.460352 0.0266667 0.101322
27 0.2075 0.799559 0.0216667 0.0704846
22 0.465 0.344714 0.0266667 0.0947137
4 0.814167 0.670705 0.0216667 0.0859031
18 0.204167 0.463656 0.025 0.0947137
11 0.834167 0.339207 0.025 0.101322
18 0.526667 0.570485 0.02 0.0792952
31 0.5225 0.678414 0.0216667 0.0748899
24 0.554167 0.796256 0.0216667 0.0726872
33 0.166667 0.46696 0.0266667 0.0881057
27 0.1775 0.811674 0.025 0.0726872
37 0.511667 0.344714 0.0266667 0.0947137
22 0.4325 0.344714 0.0283333 0.0947137
39 0.1775 0.210352 0.0283333 0.103524
28 0.151667 0.34141 0.03 0.101322
39 0.339167 0.211454 0.0283333 0.110132
18 0.4425 0.459251 0.025 0.0947137
21 0.374167 0.213656 0.0283333 0.105727
37 0.635833 0.692731 0.0216667 0.0814978
31 0.551667 0.685022 0.0233333 0.0837004
37 0.609167 0.692731 0.025 0.0814978
39 0.250833 0.214758 0.0283333 0.0947137
11 0.896667 0.340308 0.0233333 0.103524
33 0.134167 0.571586 0.025 0.0814978
28 0.0191667 0.471366 0.0283333 0.0881057
28 0.0541667 0.343612 0.0283333 0.0969163
28 0.12 0.34141 0.03 0.101322
21 0.408333 0.214758 0.03 0.103524
21 0.441667 0.211454 0.0333333 0.105727
28 0.0458333 0.46696 0.0283333 0.092511
33 0.136667 0.46696 0.0266667 0.0881057
39 0.21 0.212555 0.03 0.0991189
39 0.3125 0.211454 0.0283333 0.110132
11 0.869167 0.339207 0.025 0.101322
28 0.0883333 0.344714 0.0266667 0.0991189
37 0.58 0.685022 0.0233333 0.0792952
25 0.609167 0.21696 0.0283333 0.0991189
21 0.473333 0.212555 0.0266667 0.103524
39 0.278333 0.212555 0.0266667 0.103524
28 0.0233333 0.344714 0.03 0.0991189
